4.854762994685624 0.6845102074477232 0.7582054768991906 0.14256592822183134 0.6306514556002673 -0.1867448662950431 10 10 10 0.7 0.7 0.7 
4.978316222281754 -0.004532818712589351 -0.8833675911726113 -0.035849735554334794 0.15318336182214706 0.08648953778389375 10 10 10 0.7 0.7 0.7 
5.040419101736036 -0.35889827391255874 -1.1815824719519465 -0.06429507165860399 0.02805853967680681 0.17628400948084164 10 10 10 0.7 0.7 0.7 
4.831912698193416 -0.43326943454167954 -0.6782099530622643 -0.07636392763293466 0.15677687133658808 0.18322413111805558 10 10 10 0.7 0.7 0.7 
4.338267965353588 -0.42654398164147433 -2.108933609785357 -0.07823832553066803 -0.2400584658376396 0.18112161137955682 10 10 10 0.7 0.7 0.7 
4.75867169699126 -0.8243826721795715 -1.938625966402155 -0.09327531748176228 -0.250580922975217 0.2883655468301746 10 10 10 0.7 0.7 0.7 
4.75867169699126 -0.8243826721795715 -1.938625966402155 -0.09327531748176228 -0.250580922975217 0.2883655468301746 10 10 10 0.7 0.7 0.7 
4.912597429029123 -0.5820654157853102 -1.6708471202828181 -0.087719923711129 -0.15730193206510512 0.23383787820150978 10 10 10 0.7 0.7 0.7 
4.80820758620194 -0.7113872143495145 -1.2309747476611017 -0.08903414974265902 -0.029143705633284854 0.2661696575273815 10 10 10 0.7 0.7 0.7 
4.80820758620194 -0.7113872143495145 -1.2309747476611017 -0.08903414974265902 -0.029143705633284854 0.2661696575273815 10 10 10 0.7 0.7 0.7 
5.026761696407782 -0.5918944227755794 -0.43571680366443893 -0.07975709735104929 0.1872601252397558 0.2453089892600183 10 10 10 0.7 0.7 0.7 
5.161901225685169 -0.8783997166663802 -0.9686815974365024 -0.08785537217518455 0.02350089908217606 0.33039292361083145 10 10 10 0.7 0.7 0.7 
4.9820615484888044 -0.0752350201412088 -0.11925923360998102 0.08658518129647984 0.3124986898343742 -0.011037501640662145 10 10 10 0.7 0.7 0.7 
4.674569086771965 0.686082424807602 0.19221218931802614 0.15925318909067787 0.39800863514703744 -0.2833905557854337 16.933167891246118 199.9840569239215 0.0 0.015873859536482196 0.0 0.0 
4.683127417387725 0.5825829187585835 0.29619217125423514 0.15259717297418685 0.43671002595285857 -0.24339925374213364 15.722283049292097 5000.0 7.598252092682586 0.5019211477653999 1.0 1.0 
2.9003733286094087 1.292655854488081 0.8744434988783348 0.22046365354220612 0.5055188185294172 -0.390359296958926 15.679497907871154 4833.740519347228 24.40701160521795 0.7113083203403212 1.0 0.00024967770677148543 
4.323428407517709 2.281326850437836 1.6751283545278755 0.444715198792207 0.8814268937529447 -0.46038214981888775 9.857450544867707 5000.0 71.03605268494219 0.0 1.0 1.0 
4.342111449759976 2.3638377584005648 1.3935372531436416 0.3652423298015589 0.8071907263099242 -0.6371637271235457 14.39783432415395 5000.0 3474.345380283543 0.9105430339313644 1.0 1.0 
4.225336919381362 1.9610414926610258 1.6520941198992853 0.3619503578017806 0.8443365488513556 -0.523678409895606 14.767077903163607 5000.0 5000.0 3.890454363677601e-05 1.0 1.0 
2.7731649265470217 3.243892765999477 2.729087089646796 0.5016486493142097 1.0868760378177458 -0.6791345441536324 14.371103027869802 5000.0 5000.0 0.0 1.0 1.0 
-0.3427352720002042 3.5896720541297986 5.773260302099011 0.4146454877744406 1.225183036263468 -0.7065401286411527 9.092153880947212 5000.0 173.7878575233366 1.0 1.0 1.0 
-1.1480775512400134 2.1146751293799713 3.4383939381060555 0.38322146427887865 0.7984055142908126 -0.38686323726112415 0.0 5000.0 229.4643289673411 0.0 1.0 1.0 
-0.9437504118675265 2.095797986467713 3.6094665087370896 0.3833934024912637 0.8306430182233844 -0.4151486328200198 0.0 5000.0 135.27935600255566 0.0 1.0 1.0 
7.661772529663726 -0.5911584825787203 11.701226464196674 0.43545917700207504 1.3791616245999732 -0.5208608464049787 0.0 5000.0 146.22808377310272 0.0 1.0 0.0 
8.754972621240675 -1.005990515103656 11.066529073765974 0.4255950257481911 1.1162752640301319 -0.33274705597166265 26.42742894182156 0.0 471.7853573216399 0.9999603321425552 0.0 1.0 
9.718481893144599 -3.51206411920823 28.431162041230248 0.4006087650190182 1.3336633386801846 -0.22859538112792877 32.53318689804522 0.0 445.03582212976096 0.9944617961893389 0.0 1.0 
10.807632067324942 -2.190005793974696 16.149695011387358 0.44162409854245666 1.4893600755599155 -0.3829840719910574 39.23131323190449 0.0 1167.8469867705528 1.0 0.0 0.9981170725327677 
8.304868543665718 -11.836804218004461 20.228492336166855 0.37410972351907207 1.4473863246442917 -0.22971498016907477 48.16457280022868 0.0 643.5355080103536 0.5475652943191691 0.0 0.4111276820012022 
6.359790724445216 -4.4306160237196055 27.653263923405326 0.4414905401069743 1.4916086638039865 -0.7323886735149536 36.70535869123098 0.0 731.2099986052693 0.9986775547770733 0.0 0.8484184154072223 
9.281415425244376 -2.11513453802935 18.444091970339436 0.48997986128662174 1.6426097559555142 -0.9054269407796876 34.27382305136272 0.0 1132.9206795703874 0.8353906099335427 0.0 0.1948985788467682 
8.005567286629704 -3.7250786990671267 16.908045518197472 0.49016279527953943 1.8409208232962984 -0.9980880324479908 57.448708037179124 0.0 744.5619408853878 0.9620892365502488 0.0 0.8547696269057222 
6.364574427873923 0.8177840028090573 16.263177671703996 0.510646438621126 1.8743609901429468 -1.0490147847949185 61.21537477229217 0.0 756.1822408136372 1.0 0.0 0.9960527993621641 
7.32642392045557 -5.74145121101797 20.279376722561082 0.4802318579064251 1.9638406039654306 -1.0570201666603054 51.788811407401795 3508.778195197969 648.5818888813216 0.8972079044881982 1.0 1.0 
7.472920343584172 -1.1860141418953392 25.251502618747267 0.4796544017306643 2.0531301535007636 -1.1455912147225629 73.52813749450453 0.0 825.9507770909879 0.8695454501977808 0.0 0.9949888299062447 
8.481947495549008 1.0500941087189521 16.541713576681676 0.516396992418136 1.9859955653302717 -1.2162871770798769 91.82834015511355 0.0 1027.126437634097 1.0 0.0 0.28924102635962023 
2.1447546229298546 2.7873329464083176 21.46756440383065 0.523266009408157 2.046263122622804 -1.3915348783788126 142.26501237497567 5000.0 665.9705538466859 0.27906320296829656 1.0 0.0 
8.646483940850365 0.6796362677020793 21.227070095301567 0.5014005139867937 1.8906795992776966 -1.2544764366618493 64.22457793441464 5000.0 869.1273483905101 0.0 1.0 0.00043327093967728344 
5.487262220698722 1.2523034826025818 7.681935310334287 0.5049092260313087 1.821764615545409 -0.9613334974979871 481.88158657685443 5000.0 853.9422130007193 0.00018174965345309294 1.0 1.0 
4.943889990997799 0.9754708948460746 0.6173023326322269 0.40049585749860206 0.8551990468487167 -0.43113083242860056 5000.0 5000.0 303.77910772091707 1.0 1.0 1.0 
5.652154220707893 -0.043400848159785704 -1.3331085328093513 0.1052161333612667 0.271253952739952 -0.3403081038113721 5000.0 5000.0 21.001242577360266 1.0 1.0 0.999902860309791 
5.707027617152211 -0.08570032333516112 -0.37478672607262514 0.03344021397854583 0.5025285883794949 -0.3333760757788476 5000.0 92.29840519299638 0.0 1.0 0.0 0.0 
4.6778681504636275 0.38217860314049057 0.20418562193276016 0.12321440714444695 0.5469488115862251 -0.3874109458279493 5000.0 0.0 0.0 1.0 0.0 0.0 
5.193272142674237 -0.10848009693361317 -1.1495946742356842 -0.013670572173051626 0.012225600650615061 0.18142406299223993 5000.0 2162.5460389995505 1977.91912073029 1.0 1.0 0.0 
5.225976149162844 -0.10179462029085894 -0.9583423354763944 -0.023304358553198054 0.08241506488249684 0.15832877288617417 190.58362746027544 196.89082302177331 0.0 1.0 0.0 0.0 
4.932510040891022 -0.326725342985935 -0.6857888694729023 -0.03278496967637379 0.17065882944389188 0.1865208006439427 88.63450779807661 193.409572050011 0.0 0.9988898557483832 0.0 0.0 
4.713450114988681 0.03877785750657375 -1.0730778306160473 -0.02964893721037604 0.07143691148347887 0.06483573201079594 60.74769104253498 0.0 153.46802294922898 0.6169700617408245 0.0 0.0 
5.06038348270923 -0.6671613393002231 -1.377611005285998 -0.05558929721249234 0.0047938424680084545 0.23685472837512409 44.166410441251585 199.19015437580333 0.0 0.38690834058960827 0.33701861609279193 0.0 
4.669498300204174 -0.41274968564392095 -0.9343234295402981 -0.04936905379009504 0.10547465509289011 0.17618197481722286 41.58556736619875 0.0 0.0 0.0 0.0 0.0 
5.199433305037923 -0.6021322384958201 -1.4956131161647468 -0.05152633915153976 -0.047583962803126496 0.21571093250322584 33.44509393939993 0.0 0.0 0.0 0.0 0.0 
5.033705714804688 -0.6643584506176342 -1.4425699707647701 -0.07592892142169391 -0.03704482265143391 0.24965817830315495 31.6625255092435 0.0 0.0 0.6168066637943799 0.0 0.0 
5.510494703442436 -0.24958111311808703 -0.7209990633238598 -0.05828104588748845 0.1573378875995992 0.151907540001097 27.097803296261972 0.0 0.0 0.0 0.0 0.0 
4.257367836089927 1.3310580054405323 -0.02659254619292964 -0.017890468662821242 0.242907772888601 -0.3113061100207645 27.122317465334792 0.0 0.0 0.00013729842592526131 0.0 0.0 
3.624542933707875 2.4012799396500184 0.30303444221485326 0.025942745005679495 0.27243471796958163 -0.6052679296234525 19.202913519977056 200.00014853937822 199.99974367659027 0.0001077819485145176 1.0 0.0 
4.892886082727018 1.9279706675002568 1.9893052397654256 0.17775840192160183 0.9822056922585997 -0.6175089404196104 14.214790824683522 5000.0 386.0976851474126 0.7966421475035951 1.0 1.0 
4.4123308481625045 2.2214287997144786 1.330575121904902 0.15529901785511613 0.7249284344979611 -0.6147188070121068 17.260591144186655 5000.0 5000.0 0.0 1.0 1.0 
