4.316745757872041 1.6229866513115385 1.0245176322376706 0.18346059780072999 0.6458436894577934 -0.5114228024640107 10 10 10 0.7 0.7 0.7 
5.2122711970297475 0.8824627000788339 -0.5833333621325802 0.023680870525703616 0.16120759090788325 -0.34826113986237595 10 10 10 0.7 0.7 0.7 
5.2122711970297475 0.8824627000788339 -0.5833333621325802 0.023680870525703616 0.16120759090788325 -0.34826113986237595 10 10 10 0.7 0.7 0.7 
5.056608781219146 0.7880747009528418 -0.890855441991282 0.017631587675544996 0.061043913718724044 -0.3228038717927675 10 10 10 0.7 0.7 0.7 
5.056608781219146 0.7880747009528418 -0.890855441991282 0.017631587675544996 0.061043913718724044 -0.3228038717927675 10 10 10 0.7 0.7 0.7 
4.909627506905489 1.0430804913589864 0.22689583684107678 0.0874623414768927 0.3771187185454196 -0.4159914805630295 10 10 10 0.7 0.7 0.7 
4.7914481421546995 1.0628546627828874 0.20778353087201012 0.0904418578299618 0.38119007760745593 -0.42090251449224453 1.3393647042752792 420.5811520849757 4723.022773745002 1.0 8.471916402311233e-05 1.0 
4.465899812310483 -0.37165761767422545 0.5587769512140439 0.410237554178342 0.436614409084488 0.3009187029147192 1.3393648621891034 420.56567968479226 4722.08033550563 1.0 0.0 1.0 
4.66398546458188 0.2863709123107929 0.9104412345444656 0.38076524053091476 0.6744413955181107 -0.025076111872391973 1.7048063232258757 5000.0 5000.0 0.0 1.0 1.0 
2.782214521693052 2.193395003307329 2.000124896830204 0.4622948648512526 0.8948238334071766 -0.4100140599196834 1.366339290636039 5000.0 5000.0 0.9999870845799155 1.0 1.0 
-3.063325059126897 1.9885634310945226 6.130844637263063 0.45080388668158716 1.0794576115390182 -0.5481446104596006 1.3673286840022547 5000.0 4263.475519628767 0.9969484219079733 1.0 1.0 
1.4767999246758876 1.276979745033958 6.84359894979075 0.4061134019969288 0.9674013155895361 -0.44984222595311457 1.5479083345414903 5000.0 2323.00621814592 0.5487244942336831 1.0 1.0 
-0.13951170755353 1.31814741512507 8.129678674062276 0.4054269903753106 1.0620799519236894 -0.611724895631448 1.7350273991288232 5000.0 2323.8608014548145 0.00023372503735872202 1.0 1.0 
7.5887049894222285 -0.4606859525118574 12.725509258390247 0.42474850255418894 1.5168918629056287 -0.5598840170425315 1.3953094437938784 5000.0 2316.0504592545044 1.0 1.0 1.0 
9.046386072845724 -2.692518184553986 14.176073198100797 0.42419117722154887 1.268446812138783 -0.3400738107714002 1.771157052690732 5000.0 2324.810350775009 0.03025802520846311 1.0 9.229785971383926e-05 
9.673733304836162 -7.844009531763973 15.707133890162707 0.38434291348185207 1.6860182427114139 -0.17890104092363718 1.539840787129532 5000.0 2317.6656368620625 0.9338677029354061 1.0 1.0 
10.02199863072631 -1.851251035443451 17.175614604842167 0.40859593389909454 1.5183483530393758 -0.18815766370002288 2.210036939217008 5000.0 2325.987086086299 0.0 1.0 0.00015087936321793552 
7.779390156610984 -1.6003223535601656 16.41111106318526 0.500211560558872 2.2569084159992325 -0.9571591983557617 1.8907946396190802 5000.0 2310.8117734121743 1.0 1.0 0.027348249924087895 
6.793148490935881 0.6260927146956754 14.320733493347669 0.4927798979755369 1.924650042429994 -0.954752813616734 3.6649300121194464 5000.0 2318.129723740014 0.007884971207550393 1.0 0.0003226919654218637 
7.482298010982271 2.241120431901346 15.142418091769434 0.5038414704478852 1.7998213163864976 -0.9707387811472111 4.2737312622616725 5000.0 2324.5336000584507 0.0 1.0 0.07441826995735779 
7.203426983627502 2.1997104183972422 15.604247220681955 0.5026633805957867 1.8953533967535403 -1.0387055943667143 5.479225777439513 5000.0 2322.082352012902 0.13472520612536942 1.0 0.2723278486123879 
7.195914809113719 2.6008535264599084 14.528196265782272 0.5015658317365213 2.196512926850342 -0.9916879714980376 6.091125483136559 5000.0 2325.3407161967493 0.8148576214174724 1.0 0.008168438968023755 
6.501740469031744 -6.096141581192203 23.314937738310036 0.44203908034202605 2.174843926030461 -0.9253522648795334 10.975812616831693 5000.0 2312.1915698203934 0.00010369798666753807 1.0 1.0 
-0.06965065950321656 -8.723422219880957 17.19824304962377 0.2973882934873497 1.4972286320781074 -0.5706656633428506 229.5582963968245 5000.0 2341.697777232071 0.2992631628526153 1.0 1.0 
0.4746909729441122 -8.591680745814973 17.796604426177602 0.3006865908778122 1.5650613546136374 -0.6776261645136988 896.0274574395484 5000.0 2318.8448961628906 1.0 1.0 1.0 
6.10408161222076 -0.24217607478889805 0.3046584144315989 0.07347883843325612 0.6821938459982654 -0.40266795746233397 5000.0 5000.0 2313.309259310813 1.0 1.0 0.9607501073885514 
5.523417275941036 0.33163640579397236 0.07293950914086762 0.05065374625690939 0.6414602398181775 -0.3795430520920037 730.4303081249946 5000.0 3941.070847396623 1.0 1.0 1.0 
5.4973714620567335 0.5951003757741457 0.6006358638645691 0.13152600525770541 0.7730677136246317 -0.3543785305557269 200.01217113580424 211.72774346776504 5000.0 1.0 1.0 1.0 
5.435662174987913 0.5303229131038106 0.4349648521521016 0.1311161643800559 0.7210504970759545 -0.33456887659367474 1160.6659577158407 5000.0 5000.0 1.0 1.0 1.0 
5.086288572393866 -0.05553296655196831 -0.9611692800808329 -0.021625697174634917 0.11852752609113469 0.18444170053324252 2599.6611615403503 5000.0 5000.0 1.0 1.0 1.0 
5.00848305959913 -0.3180100278757517 -0.6466965659156168 -0.045667392774955656 0.207606960052499 0.20990526091002143 22.127574811672304 5000.0 5000.0 0.05967631617136451 1.0 1.0 
4.868760259746275 -0.44364018597583754 -1.7836039241916244 -0.057661135004509145 -0.1074981686763271 0.18797849804283753 6.279665825862139 5000.0 5000.0 1.0 1.0 1.0 
5.458573383799504 -0.49374418197530967 -0.31725861972605235 -0.06645707005729024 0.3410393876337193 0.21471988543459014 4.0809239183038075 5000.0 5000.0 1.0 1.0 1.0 
5.286322813330908 -0.6342562487721521 -0.7584815861190095 -0.05841907722865409 0.21733334884433989 0.23886949970846785 3.5594513913338193 5000.0 5000.0 0.9109627460910702 1.0 1.0 
5.130486384988922 -0.5091370957263461 -0.7806917998851156 -0.05957529289289716 0.20005572466606836 0.2073014775483492 2.949097251313543 5000.0 5000.0 0.9858149430775057 1.0 1.0 
4.994962710157268 -0.7691190124005601 -1.075634821632507 -0.06273552505400624 0.06417364346871181 0.28031122504098355 3.2467701108646563 5000.0 5000.0 0.0 1.0 1.0 
3.7704362577525976 2.189404325195776 0.4676624462309317 0.004399756515974582 0.3214196639354737 -0.5708394942220302 1.9930094976753268 247.99151048091554 5000.0 0.9987686764954231 1.0 1.0 
3.17676215340947 2.3686176342833374 0.322308511144037 0.029484194498639312 0.22789774177064206 -0.6161801077844978 1.5885132468089436 5000.0 5000.0 1.0 1.0 1.0 
4.253426589411911 1.8483756811022507 0.5635370467641118 0.08253349069643363 0.5464859203762843 -0.5366254578945179 1.3705373351322685 5000.0 5000.0 1.0 1.0 1.0 
3.9641429008112112 1.5698531704528804 0.7044961287185527 0.16887881717911035 0.5010056969972922 -0.4488540723585597 1.7069498127139884 5000.0 5000.0 0.00015059834360563168 1.0 1.0 
3.872098192971825 1.6142955090685795 0.650281826754708 0.1687519615977287 0.49500919226359924 -0.4581099759000795 1.3658709417998387 5000.0 5000.0 1.0 1.0 1.0 
