3.5499081234120635 3.0771556312936608 -1.2971841318804125 0.09399490328481323 -0.05553289123544607 -1.3460109964040274 10 10 10 0.7 0.7 0.7 
3.6694748713664915 2.9612720012125964 -1.3679445260227274 0.08568365214196687 -0.07074302908413578 -1.3207090245726418 11.4996638283369 10.15953538852868 0.0 1.0 0.29150493516450815 0.0 
3.6854226871648605 3.015745298017795 -1.2452055284004848 0.09394246576729404 -0.025006956404518593 -1.3302517052550777 11.898178756385127 9.794315040369929 0.0 1.0 0.2282755287096996 0.0 
3.66428753007508 2.983504579913147 -1.2577265748004867 0.09518430293142967 -0.027531448228134737 -1.319727350756461 11.951351755417978 9.966585747529559 0.0 1.0 0.25619610178217495 0.0 
1.7055634970992215 3.6261132703242436 -0.47864986680390553 0.3241019781103544 0.2989770648271966 -1.3610685083491671 11.880907214978773 9.762559445751299 0.0 1.0 0.5459090263140204 0.0 
2.282879394676382 3.5803253494582377 -1.1075837335329342 0.3453527644873069 0.18623855473512235 -1.381045028576274 5.654587639479702 11.751344507287342 0.0 0.09283728804242282 1.0 0.0 
1.635102725416782 3.3405971452306407 -0.6553747863964582 0.38309395991125783 0.2727994901200196 -1.2836393866292546 7.56774271450203 11.602893186669979 0.0 0.1266352514513612 1.0 0.0 
-11.337672950044144 2.2477919777378386 8.294190381654175 0.25764972194682056 0.1660790832160317 -1.258703797390898 5.1174462610311355 10.850694841776967 0.0 1.0 0.8527197949024903 0.0 
-5.2791671484763 0.6399745481427889 9.140433545978823 0.10274282499465276 0.13499022764397217 -1.2601034774408273 0.0 7.153422283782647 120.16314072530456 0.0 1.0 0.0001092113484551716 
14.609762593539608 -0.5689299336986946 17.805280416552375 0.11468336448625156 0.5945185062522169 -1.1836466966844246 0.0 1.9620689797216255 132.37368029156804 0.0 0.5128605315791245 0.0 
15.468822965332022 3.3495049518478703 18.128906238384456 0.10807022932179308 0.8425637653392676 -1.5063341817408207 50.285528634498924 0.0 255.73116367320972 0.6362276366965067 0.0 0.5152550858960673 
16.063965191816624 3.6250993936833935 17.890439655529658 0.07813865024450725 1.0686041425327664 -1.478253474140011 55.94932694897921 11.95260298071339 260.4482415967258 0.3620896966785238 0.5632980339692961 0.8569582168472563 
15.751290599044689 4.347517965646703 18.39879501341707 0.059998356835566216 1.2635958435633687 -1.8417487976970748 66.42550373934034 14.655165200849655 256.9630171563285 0.3564701559582924 0.8973371995159869 1.0 
12.467169823756599 6.68391749887062 17.274387824520147 0.26330300291991565 0.9875109267717569 -1.3916085575827597 81.49011551510395 22.24609685811859 264.2384112178697 1.0 0.7672986547714231 1.0 
10.191327935653922 8.790440632798795 15.417468491934095 0.17909852591962633 1.2591102426022727 -1.6909319285435758 96.02486928794285 50.766852457949206 247.3593331844453 1.0 0.9846302294468542 1.0 
10.125734938020436 9.244910601033219 15.436632824280064 0.17529665044844 1.3079300769804274 -1.8092135440814952 79.8605034655991 68.39976120489617 218.6559092007839 0.43840903123678837 0.19253358488052208 1.0 
10.079110113714878 9.097236848686588 15.287690566273737 0.17400093430343694 1.2649497546634207 -1.7674904393817927 78.33263067335854 71.12784368747353 220.8894635775932 0.37171948044765263 0.18246727077333114 1.0 
9.993856231007227 9.152259810323212 15.292365538818018 0.18114496799116053 1.2676790297848741 -1.7768788720359439 77.96304622563721 69.99074019143524 218.7446495829104 0.38149096808679395 0.18080490461071702 1.0 
10.053492692872188 9.11031833785393 15.190144439071084 0.17570944294917965 1.2485083250109612 -1.76651981935577 77.31485042029539 70.41856963356176 218.8119947195949 0.36378596261259366 0.17605517729937833 1.0 
10.093506318439292 9.161528540532299 15.169088959296834 0.17378802938164728 1.2469761252642124 -1.7815432193501912 77.76785985221723 70.09228506871202 217.33999734339739 0.37673112641386575 0.1799094322516332 1.0 
10.064982377001602 9.101075378890888 15.146780134018451 0.17326641524252312 1.2409180970372855 -1.7640550621725672 78.07891322102584 70.48691687311288 217.03687873558832 0.37631255897444704 0.18009896160542085 1.0 
10.067352010058482 9.164891006729492 15.18483219012191 0.17538853939247956 1.2536621100690142 -1.780091126393441 77.85211012853162 70.02046388237035 216.71543575754671 0.3831615031256721 0.180691517745437 1.0 
10.041593312622107 9.143506286682122 15.156232972803855 0.1750668030832155 1.2482193906071275 -1.7736617621019197 77.87916501003741 70.51398172793769 217.2635092786254 0.3720135384978673 0.178646532393323 1.0 
10.0387606978028 9.161115337096568 15.159128196375084 0.1757524363477389 1.249070553666471 -1.777486789891304 77.68193164032336 70.34993982562413 216.85170919428043 0.3684370231627904 0.17758326644830544 1.0 
10.016882489373181 9.15346469958227 15.146735180642278 0.1774061113054713 1.247507401736036 -1.7746986996473402 77.66008977191791 70.48568674204142 216.89327091942647 0.36822734708283633 0.1776164383085744 1.0 
9.984827441771646 9.147156902767502 15.171127364804656 0.1790664079402519 1.2542291250066693 -1.7711555759143014 77.49217244849973 70.42736322249318 216.71498336611526 0.36576770997495184 0.17669920624635224 1.0 
9.991675465797442 9.136454313949217 15.136745529893798 0.1782719703975903 1.24613613503051 -1.7689513538435422 77.24599351423278 70.37995428307158 217.06616805622008 0.3622211575086652 0.175136296890807 1.0 
10.036621237199228 9.141893489787352 15.100661921878165 0.1748359616297485 1.2414642894705656 -1.7709223470557904 77.29425688860948 70.29602733779748 216.5710475600681 0.3685442523391031 0.17701166393915035 1.0 
10.039186508230202 9.131904678342917 15.075521315407387 0.1724217187149111 1.23744880730336 -1.7688072871672986 77.64335943131009 70.3375805875553 216.05142952012005 0.36842398407237004 0.17747942031155556 1.0 
10.020236762358147 9.146537140336044 15.10222266697701 0.17365824769112376 1.2441888499258693 -1.7718864960366736 77.65935320915163 70.2595959584083 215.68928517058148 0.37347026859208604 0.17875518843459104 1.0 
10.068985914517146 9.168394131836523 15.058621900882248 0.17093086163431662 1.2366802829351715 -1.7776103742184775 77.51606568126272 70.3733637494173 216.07389156061873 0.3684788779931552 0.17751744185139615 1.0 
10.175488334285243 9.115307983901296 14.960612628714385 0.15990772061666425 1.221623969325174 -1.7670978921471985 77.8899538363544 70.53988552980059 215.44605740469558 0.3744618177036393 0.18001453458166033 1.0 
9.968994469008924 9.102859025698331 15.150305649812712 0.1759056216649512 1.2594995541991025 -1.7530012465277507 78.70252050551376 70.12565425627646 214.03442353403818 0.3929523846954282 0.18640105295414952 1.0 
10.054956576383281 9.104832438985808 15.060892644644257 0.16874306727423652 1.24456506573277 -1.756819194216806 77.11775241474497 70.03776369912927 216.76638579446572 0.3690384282131215 0.1760631923954473 1.0 
9.966804684356845 9.064778286906348 15.095073585379504 0.17321603576856986 1.2487734154281973 -1.744262912048153 77.77754641902787 70.04947201739836 215.47869977355631 0.3789756020191082 0.18055790131880448 1.0 
9.979034315201398 9.162458156581646 15.185590369620035 0.17216961924958632 1.2806038697737634 -1.7705083182348118 77.09656474631032 69.7429302094944 215.9708513268457 0.3744883191815542 0.17771286699002378 1.0 
10.04547586347066 9.067586932279566 15.08142024675098 0.17061774039510577 1.2508553131434965 -1.745158754188864 77.19898955391005 70.49702007216622 217.27433083209635 0.3648323135836418 0.17633814989938085 1.0 
10.091645221740889 9.082864951721001 15.007397073495381 0.16703831070823277 1.2347951569368834 -1.7492410341384608 77.70150264915421 69.76196193121986 215.77432468400409 0.3820925852668306 0.1810545181829202 1.0 
10.0189321457227 9.043956145457082 15.05017995366202 0.16963663528564876 1.243008111214138 -1.7389932496069342 78.05483539776861 69.87728008126406 214.7082798982874 0.3887207987752644 0.18423745068906758 1.0 
10.094176394446237 9.049236200609615 14.959361372130616 0.16381003785383036 1.2273147688970145 -1.740972299321401 77.4967329237939 69.58028443826039 215.32431177968354 0.3803929036786942 0.18044823270328414 1.0 
10.045083868551385 9.08869613170796 15.057415180355484 0.17023992627866935 1.2490916349920405 -1.747208024650454 78.06913072897392 69.61603550529047 214.0165410383753 0.39559491665104485 0.18673723941579704 1.0 
10.100690129252015 9.079735261137527 14.968817680619638 0.163123724300503 1.2340246457088977 -1.7482643570293899 77.69789646169775 69.9241467923597 215.42853603168135 0.3827789303025007 0.18180060919360408 1.0 
10.053468591565862 9.061559380945852 14.989626905117918 0.162853222101061 1.243383462027606 -1.7420367707636544 78.12390651909908 69.85271077450726 214.1526761432826 0.3901967948054428 0.18473589838334786 1.0 
10.095127177296211 9.070461058480635 14.947040210750316 0.1618404766285367 1.2351916830696865 -1.7449530846615524 77.75986542056343 69.71373533647899 214.45243614044685 0.3868398782517624 0.18326583857455064 1.0 
10.038288830265605 9.05961948407038 14.996462246582476 0.16587219282028196 1.2450715271561348 -1.7399932347923288 78.07835983852388 69.78006203907678 213.83891111362615 0.393173223147006 0.18625625118444925 1.0 
10.048821037176022 9.03852600660363 14.954517038996936 0.16278693170808883 1.2366821964630494 -1.7352408137148347 77.64508245200469 69.70002074368108 214.5508071487059 0.38286934684147694 0.18169811662918334 1.0 
10.055887633404314 9.059804520803679 14.968126511423092 0.16388548494081787 1.2413547933663847 -1.7393155315416613 77.72330401916159 69.53563600080028 213.9465990894284 0.38739580850309174 0.18397872407781626 1.0 
10.050344578876638 9.042956598277327 14.959372900368605 0.16352715337867887 1.2390908693958849 -1.7347487525949787 77.7787930373911 69.70009578559936 214.14261887335678 0.3865977967499721 0.18343174647704807 1.0 
10.060399863951046 9.053754356289465 14.947629639024909 0.16314317074723003 1.237739050165407 -1.7385754796706039 77.73487537756874 69.56991794400395 214.01654514771053 0.38774756778195085 0.18380649250035025 1.0 
10.041777269123955 9.045247751821092 14.954403899524399 0.16350130972496502 1.2393242563846452 -1.736046972701975 77.81253273758821 69.65277537925024 213.8474024170044 0.3882844724476477 0.184299902952979 1.0 
10.04748485978121 9.053842851097613 14.960711202514931 0.16381032015812053 1.2426576918491365 -1.7384662220503038 77.66969266126318 69.58774887739524 213.94498186304241 0.38599282506152605 0.18357662489025925 1.0 
10.044716199644595 9.045372196544387 14.952884006170255 0.16327651249041147 1.2405832201414013 -1.7358549068972746 77.7125334430371 69.65380265659171 214.03588220706848 0.38789512870172677 0.18384366329405158 1.0 
10.05461465567482 9.057676974669114 14.949936766258237 0.16180434189466833 1.2427732228801889 -1.7389624592940796 77.69034878568227 69.5881448836072 213.92311593853793 0.38882491703183253 0.1843232567352992 1.0 
10.030709405722721 9.057835557230916 14.964302095355512 0.16334009993949133 1.2456604008411467 -1.7393299085446707 77.76690766329081 69.68283480054896 213.88066794186864 0.3891513829780639 0.1845252123619308 1.0 
10.069870897145396 9.064522659156937 14.934920239515954 0.15879761907767415 1.2447437209287375 -1.7429941128271593 77.58552656703642 69.68569217821307 214.08753963982443 0.38372209876294633 0.18241919434575107 1.0 
10.051331090305553 9.059860945490993 14.933201747311317 0.1591453990848297 1.2471676534482456 -1.7382346878540667 77.88516369512396 69.73530831256191 213.6645294111971 0.3894498920618266 0.18484200677566642 1.0 
10.050214078838923 9.064053046137012 14.93081742579078 0.15876750095473913 1.2485241375755967 -1.7386143053463778 77.7464708636946 69.70124095840009 213.63973547502147 0.3826499229866948 0.18243752785196574 1.0 
10.031787255528359 9.039688899002577 14.943328848761203 0.15988681901420015 1.2526689576668395 -1.7303091831555595 77.73547643932773 69.73281058840509 213.6053363952713 0.38568836150748503 0.18341858569957709 1.0 
10.05918568830666 9.059912084933414 14.927563500327208 0.1579983773404312 1.2513011646141299 -1.7366969624517858 77.59355600612933 69.54553547442961 213.78543794875907 0.38414395616185054 0.1827124582648467 1.0 
10.049082430266019 9.054142300521361 14.934968285747901 0.1581616173444539 1.25376550012304 -1.7354461679129194 77.80276566844405 69.70007604752844 213.55844478911123 0.38865005667866825 0.18446478762721166 1.0 
10.059431783921246 9.091745322953365 14.946869835127787 0.15892604243922898 1.2576337269339632 -1.7463163095423728 77.72492273889856 69.65574654246846 213.6651287882098 0.3879054071104053 0.18426065315165494 1.0 
10.043581543866466 9.032182367938312 14.893542821713702 0.15647828832579513 1.244338308781784 -1.7304429567844397 77.80923341315243 69.94690819645051 213.83641865405812 0.3828338652221631 0.18264646782263233 1.0 
9.993463830275576 9.02458834585511 14.93546050825961 0.15915455408788157 1.255511216979691 -1.7265310816877963 77.6806737242118 69.48543116309733 213.06852853089012 0.3898831887261928 0.18554942227032523 1.0 
10.046558769107605 9.052511494474317 14.911858235378755 0.1570201103115394 1.2523441938210875 -1.7357712785439319 77.2943809501278 69.42883743096603 213.67223879167386 0.3862512629395175 0.18308804106819374 1.0 
10.166132962334942 9.075910076386345 14.821898904408767 0.14729770404122297 1.2390546994948237 -1.746495558366961 77.70485334580927 69.64287508784356 213.33220730011462 0.38848746721753086 0.18465023023880708 1.0 
10.12265240451064 9.122009545128172 14.916558515897247 0.15457748192123083 1.2604628094552652 -1.7553200659915675 78.62441369203269 69.8184807153286 212.0365070013651 0.3998532053935335 0.19077092724305067 1.0 
9.958521473782444 9.007576706913156 14.9466730585823 0.16095371745648632 1.2592069236911756 -1.7207266155429712 78.296594167002 70.17818880905756 213.40004520551958 0.38733219207097264 0.18516171379515595 1.0 
10.01874561312757 9.083918149979475 14.89891285950519 0.1592331924121655 1.2518814969674126 -1.7418505321754256 77.02819569972469 69.2994517650958 213.83374720642865 0.3796537408619897 0.18083190682981407 1.0 
10.023339875121817 9.041984382214014 14.889535524475699 0.15649328022146108 1.2522163289486317 -1.7306358925723007 77.49506708712973 69.88692565293546 213.14585937476514 0.38053491508187764 0.1820607008171523 1.0 
10.164838229043651 9.020075198377626 14.732060077182133 0.14213418979900588 1.2240743081587089 -1.7314470164437488 77.52502610771563 69.56152601450563 213.01069178202906 0.3878706112921592 0.18486681418584183 1.0 
9.902050608357609 9.054059619110147 15.03859431099857 0.16694912169163703 1.2837265928669395 -1.7299499959651115 78.6070491385038 69.38399656698851 210.7421279060852 0.4093589168173867 0.19608634624155746 1.0 
9.840660439839164 9.104666722777319 15.115482620711143 0.17250808723063832 1.3011801338411606 -1.7414209710353303 76.60043805669322 69.66181071262346 215.15765299902384 0.3659139999533547 0.17572684712675188 1.0 
10.319397238679883 9.17843067236337 14.635417983795143 0.14145609305835025 1.204075990456577 -1.7743500500590728 76.13268774384116 70.05505021525882 216.26477415414428 0.35437917082796255 0.17173555865015558 1.0 
9.477163202846981 8.75625187960335 15.261939702456672 0.198827577061099 1.2998386870050114 -1.6369074268265627 79.80638586338392 70.60174468079028 209.35061194097358 0.41029298637567446 0.2000410317478579 1.0 
10.140420784266041 9.613225130632316 15.204789815250084 0.14728527691236548 1.3794106179799699 -1.8911615447885193 73.31595636158856 67.37376487956797 218.37370330758466 0.34704990950431536 0.1656984992852752 1.0 
10.02426269319284 8.964559587766052 14.711369754676102 0.14988174822912392 1.2166058440055902 -1.711642252793051 78.48267482401006 73.97537371928837 217.55086378249578 0.325403688213156 0.17192064882800603 1.0 
