4.220097082730305 3.7174758992151133 0.2842182699467785 0.2278522952293271 -0.1269730206500008 -1.4500202207164234 10 10 10 0.7 0.7 0.7 
4.224451430206792 3.676320097986857 0.2887847831584014 0.22738700025409966 -0.12457319037837604 -1.439319796966867 14.120192853736738 11.988004344503356 1.2497590687591043 0.998241987623398 4.7021713111599884e-05 0.999769393814901 
5.777090334798301 1.8734728805072036 1.577657557374887 0.2672603846202913 0.2469207762378792 -1.1019438388887361 14.135159368585803 11.855282718017076 1.2806209116507967 0.998097752005548 4.996764559932837e-05 0.999939989716847 
5.274078491970517 2.756874585388411 1.5308128164383383 0.1803605044413042 0.19712971212555871 -1.4103866400380345 19.514528410046346 6.046328724619623 10.162150081891529 1.0 0.005267875385957252 0.9977778855583069 
5.692365273483767 3.0201241350291093 1.5408820073671357 0.10464588137985904 0.24893873557756752 -1.486860386236341 17.927134408088264 8.908853532271145 11.221838304170966 1.0 0.0 0.9948565607182488 
5.676373536189953 3.5535271513091833 1.5590597537084492 0.11598331275874434 0.26443636486532424 -1.6392486425632191 19.87794407622645 9.784963127632428 15.975612120816042 0.3114354908803614 0.0 0.0 
6.1124742336125975 5.898335751605884 0.16796894221925396 0.2073096610592196 -0.12725116469527456 -2.3339541666102104 19.83748246048083 11.205192011112471 18.946481919145544 0.6142713052601202 0.998452896848034 0.18349182434874933 
6.667351694732333 6.148857489624757 -0.13283363421289937 0.22634875541832122 -0.258566705414172 -2.4441493947081194 21.560150782215295 19.190042758177796 3.5348668116296733 1.0 0.0 0.0 
6.5290432688452045 5.372462975735665 -0.38146672116495906 0.22232441007098583 -0.34818158115950126 -2.2235529865766392 23.848310507216095 20.05207342542168 0.0 1.0 0.0 0.0 
6.023514142398302 3.8496750686775116 0.7179886374312158 0.24270590725431573 0.010982914560558419 -1.6355548002546578 23.95765142798146 17.229723789866398 0.0 0.0 0.9708828082619232 0.0 
6.07222953269741 3.9313051757960387 0.7959723044323509 0.24260175404361609 0.025166956837112335 -1.6542682403840034 21.748875956940328 12.265161845528805 5000.0 1.0 0.9651968482034121 1.0 
4.436881131916136 1.505494204071716 1.67058379595084 0.24978568947989538 0.39043410378517596 -0.49769216721011167 21.92708368321559 12.827394611163008 5000.0 0.9999719406863873 0.060245938448712344 1.0 
3.881920938938066 0.979883435097406 1.7194056187226305 0.24135134052466026 0.41935789279847346 -0.3581317204372995 16.266261502093162 4.640246381560708 146.19260922409816 0.08010522946263093 0.8565528571148774 0.0 
3.7433837701741774 0.8660532941651862 1.9664190914397999 0.22938429487594575 0.46095541109791405 -0.32619095203513804 13.888539597599245 3.2026286359979568 61.21798117296464 0.9999978570357987 1.8066106655717894e-06 0.0 
3.3908346413978285 1.2666899761696568 1.7243819448066264 0.22602027272574035 0.4029938514756424 -0.4159955801830556 13.375637339839697 2.8305044953948317 40.31881629026654 1.0 0.0 0.0 
2.8390252429753766 1.3876339815805216 1.5366663248786074 0.2270687685297637 0.35614631247189915 -0.3775800738004277 12.081917059526782 4.137780121403234 22.03580899602665 1.0 0.008057266475458446 0.0 
3.4482516875528364 2.2826753124683363 1.2577937096479646 0.2644536221624257 0.3234330546438504 -0.6271532248935068 13.717797353230235 3.7914268801650484 17.73466463247151 0.7649696713712624 1.0 0.14264774838721833 
2.4278441703893443 6.851619135076984 -0.70326847539548 0.3589101319213684 -0.06993948382913906 -1.8790771340699173 12.478841316881283 7.172494138694008 9.613500865140692 0.4962021749895843 0.8833946143652682 1.0 
-7.271194049920173 8.057273759189915 -0.45702524327179017 0.3420389196418833 -0.13093156039418397 -1.9029764395744713 8.581300883563092 22.13849707609821 0.0 0.9117949013921585 0.780344397076926 0.0 
-4.1362245086575165 4.947091660687482 2.6181935481127288 0.25412361881260015 0.16517647279843925 -1.3220793265938995 0.0 26.066767539849945 0.0 0.0 0.7755636307357242 0.0 
3.911421063814019 -7.769207433735696 14.065005962417084 0.2600292303734629 0.8113366582870807 -0.2587774719344426 0.0 15.839724509718906 14.526588494599432 0.0 0.9995947731402147 0.0379332980437206 
4.911635846360202 -10.660028787424064 20.67377214566958 0.19086549713829468 1.2184279452636921 0.12614575742428946 14.639144198275522 0.0 78.17410274096841 0.9997204452577133 0.0 0.0 
1.9269319409989063 -6.425288294396161 21.132497861298273 0.3090875513194406 1.2700236760559742 -0.2638618567355073 19.719801507637428 0.0 115.0155406771703 0.29233832575638635 0.0 0.0021303584175200977 
3.5298640159679127 -12.562928626024458 19.22319987955136 0.31249950613755667 1.5532742776839106 0.21775097239242885 8.422402123984357 0.0 117.50372763686438 0.1843100230879727 0.0 0.0 
3.125061093153442 -9.815797321966855 18.741544431369164 0.4078047519136037 1.493916292520323 -0.01856935619913936 18.500647270507304 0.0 106.7883441676843 0.09646837570727763 0.0 0.0 
3.083464233334987 -10.973056807718013 23.707836945510515 0.5045077200941598 2.555042901660212 0.1755914344202592 18.775203712835214 0.0 104.12219635104904 9.854026338041745e-05 0.0 0.0793437793979307 
0.10926062077808385 -9.267758179692722 28.21155628822661 0.4973347548999655 2.6687154343887407 0.08834314951615557 24.73126178000617 0.0 131.30912555917374 0.12133174275350928 0.0 0.7264712055994065 
-2.010971813380388 -10.213570493400281 24.55223954155171 0.5477853365133755 2.6833285382519816 0.13660642217712782 0.8047291099158058 0.0 156.4715998004843 0.24116349829466516 0.0 0.6067524129249378 
-8.545485147020152 -20.382267932860902 46.20787637197207 0.41106358263695286 3.1070134687708446 0.32051046615004686 0.0 0.0 136.36672714624092 0.0 0.0 0.0 
-6.172038539998786 -24.330190710766274 32.002152087939145 0.321067115961229 2.3964589360514923 0.26251044173612414 0.0 0.0 256.00587819002095 0.0 0.0 1.0 
-6.051196289657651 -23.930604192606594 31.653993957710302 0.32545372099489867 2.4973393100484755 0.2459182763378702 0.0 0.0 177.6323163836565 0.0 0.0 0.0 
-6.0531199549172054 -23.45168208219636 31.555626277510314 0.3342712077582188 2.59033161126348 0.1724373688954071 0.0 0.0 175.699917715587 0.0 0.0 0.0 
-6.026009810960464 -23.187334104964613 31.211219067661013 0.3349672927821053 2.6142289595387607 0.16069213141260802 0.0 0.0 175.15392565317435 0.0 0.0 0.0 
-5.971564516323913 -22.999157762456456 30.98967256528846 0.3265489713826601 2.6259014323095315 0.1465929289767247 0.0 0.0 173.24224980336868 0.0 0.0 6.551961821352914e-05 
-5.973305588927335 -22.976597343008688 30.904057432295833 0.32581161771658895 2.6075408191148615 0.14549018396859442 0.0 0.0 172.0124968518337 0.0 0.0 0.0 
-5.96178874848161 -22.938419144640562 30.80720048918683 0.32637942426358246 2.60854847377452 0.1488761149366536 0.0 0.0 171.53722405607243 0.0 0.0 0.0 
-5.910774480298882 -22.722939140120744 30.635868718902632 0.33002665300273465 2.614730488072202 0.11638269153120365 0.0 0.0 170.99970359892762 0.0 0.0 5.3513158562116136e-05 
-5.8703408813257845 -22.678245996456297 30.62936082421474 0.33065559626192326 2.6307975731893527 0.1137887520324019 0.0 0.0 170.04859842618743 0.0 0.0 0.0 
-5.876968718735756 -22.617685360648455 30.579693028299488 0.33157167728548687 2.637354767554041 0.10932596008331273 0.0 0.0 170.01243731210369 0.0 0.0 0.0 
-5.711617923200244 -22.579391172173043 30.343347918810796 0.3306957242014382 2.615698870504633 0.12448617980672974 0.0 0.0 169.73691310312657 0.0 0.0 0.0 
-5.544895115374715 -22.687334997927003 29.935066924856553 0.3234382932855044 2.4993638276366665 0.17147362697063467 0.0 0.0 168.42490894239873 0.0 0.0 0.0 
-5.523354154597446 -22.643288183793388 29.869267918349625 0.32564800226836405 2.5015388448025084 0.16390013126266265 0.0 0.0 166.15877880798797 0.0 0.0 0.0 
-5.508611838288965 -22.51661186205922 29.949638803972384 0.32811870386377295 2.5291108631966024 0.1349431467417538 0.0 0.0 165.79358912893838 0.0 0.0 0.0 
-5.617453773257241 -22.447899934905625 29.881875708707742 0.32835425331951207 2.5190607829027165 0.12287337016208666 0.0 0.0 166.239614108086 0.0 0.0 5.296805635795617e-05 
-5.616487299722811 -22.508555266535765 29.882138839869416 0.32739633982003163 2.5399517871566837 0.14688278514139216 0.0 0.0 165.8635073083483 0.0 0.0 0.0 
-4.984506637076732 -22.618207472852205 29.875913177897747 0.33132335330868157 2.607442539165776 0.18960572368613476 0.0 0.0 165.4584744573166 0.0 0.0 0.0 
-5.419535385022319 -22.40779082452162 29.722621169247834 0.3304795232249311 2.534420270396405 0.13722015336934515 0.0 0.0 165.83036876060376 0.0 0.0 0.0 
-5.358467353908419 -22.40503164506861 29.71691375195096 0.3278762869220931 2.5508187145676406 0.14711221907975877 0.0 0.0 164.9795369896476 0.0 0.0 0.0 
-5.429552673980423 -22.316468494541343 29.642312456492007 0.32817535176982804 2.535766079262534 0.13023393380847892 0.0 0.0 164.9479063679814 0.0 0.0 0.0 
-5.459343356001395 -22.18846929393315 29.61977682474243 0.32885423631106914 2.5447481844612194 0.11008280886105966 0.0 0.0 164.53369120194253 0.0 0.0 0.0 
-5.48088288497399 -22.203418450892077 29.59105106663864 0.32839045597796745 2.5414137730810036 0.11639986080234657 0.0 0.0 164.40863676556896 0.0 0.0 0.0 
-5.450832380997515 -22.176738150086287 29.592320735771953 0.32872166237077394 2.549242829867306 0.11146687795609667 0.0 0.0 164.24907808450746 0.0 0.0 0.0 
-5.473434210947394 -22.14224145083237 29.581024121029127 0.3293583727367677 2.5518829179663824 0.10584842270070592 0.0 0.0 164.2562825056725 0.0 0.0 0.0 
-5.467151651155113 -22.115975070609384 29.55648005184368 0.32990397179602743 2.555391122094355 0.10630620269684986 0.0 0.0 164.1935557905273 0.0 0.0 1.6395104183425645e-05 
-5.448179824051939 -22.111613397358063 29.544014426147054 0.33063836904799815 2.556319187822552 0.10605475019577679 0.0 0.0 164.05730433951186 0.0 0.0 0.0 
-5.3514272664982725 -22.109602383490127 29.50946214678174 0.3313077123723673 2.5754768226978624 0.11578179896059476 0.0 0.0 164.0193652467121 0.0 0.0 0.0 
-5.366030796770894 -22.065065767848694 29.525153182452055 0.33136442195022037 2.581931469682664 0.10645510423956261 0.0 0.0 163.79633789108956 0.0 0.0 0.0 
-5.147317282347215 -22.098883189796975 29.465244836050736 0.33227234913598913 2.596912768598581 0.12442466595031705 0.0 0.0 163.88341182523013 0.0 0.0 5.71843341988641e-05 
-5.262811412872311 -22.13697601775884 29.243437928064072 0.3284172307098032 2.516593005525567 0.13625964911381774 0.0 0.0 163.55091773273685 0.0 0.0 0.0 
-5.23061308039727 -22.128806371433175 29.05124945025886 0.3252617340628451 2.4538884704445434 0.1435006786748999 0.0 0.0 162.31982093689973 0.0 0.0 0.0 
-5.093652146782892 -22.159156568369923 29.101862109943685 0.32608610492687473 2.4891420095380505 0.1529404693702545 0.0 0.0 161.2529523557274 0.0 0.0 0.0 
-5.1952738844483175 -22.142867630784625 29.063375626882724 0.32581460600040674 2.4742569747621452 0.14961794271425768 0.0 0.0 161.53391297496086 0.0 0.0 0.0 
-5.165687996918136 -22.03801768127947 29.172333496727855 0.3288050978913311 2.5226406235222374 0.12751584754738354 0.0 0.0 161.3201560537932 0.0 0.0 0.0 
-5.197953356927248 -21.852555246636033 29.21270492257418 0.3328067242017007 2.5516420314216472 0.0859180891604015 0.0 0.0 161.9250641682203 0.0 0.0 0.0 
-5.1754259093401185 -21.948127838154008 29.164950292713048 0.3307383246776342 2.5487620348702187 0.11638061058000342 0.0 0.0 162.14921966575045 0.0 0.0 0.0 
-5.2116584621039825 -21.8908424976834 29.054236067872253 0.33081508786243474 2.5222914382534407 0.10504761458929124 0.0 0.0 161.88404405532913 0.0 0.0 0.0 
