4.155207972602145 0.7780032113324513 3.2655882115136854 0.4266633507446724 1.283293136376665 -0.1929139173371509 10 10 10 0.7 0.7 0.7 
4.176828950386418 0.7865932309269519 3.3089589402329804 0.42884434683606204 1.2997490525363962 -0.1925631341379541 10 10 10 0.7 0.7 0.7 
4.176828950386418 0.7865932309269519 3.3089589402329804 0.42884434683606204 1.2997490525363962 -0.1925631341379541 10 10 10 0.7 0.7 0.7 
4.177727133735703 0.7979192714489861 3.321805581482594 0.4313559981438349 1.3031038092277374 -0.19489848979136853 10 10 10 0.7 0.7 0.7 
4.177727133735703 0.7979192714489861 3.321805581482594 0.4313559981438349 1.3031038092277374 -0.19489848979136853 10 10 10 0.7 0.7 0.7 
3.5847382792072593 2.65100605960857 1.8054954851251357 0.18054578518321127 0.8029148687403147 -1.0385315882399049 10 10 10 0.7 0.7 0.7 
3.630263933843462 2.959683182310173 3.1446767180483293 0.16028095485902977 1.2286139287843665 -1.135911871235193 10 10 10 0.7 0.7 0.7 
3.9886290176477353 3.739785401374471 2.94233122137701 0.14418853435570847 1.1187407979356363 -1.342808073456223 10 10 10 0.7 0.7 0.7 
3.9886290176477353 3.739785401374471 2.94233122137701 0.14418853435570847 1.1187407979356363 -1.342808073456223 10 10 10 0.7 0.7 0.7 
3.9886290176477353 3.739785401374471 2.94233122137701 0.14418853435570847 1.1187407979356363 -1.342808073456223 10 10 10 0.7 0.7 0.7 
3.6314146770695666 3.509682635401828 2.5799634129235 0.13725294419670556 1.008703909922302 -1.2797316690619551 10 10 10 0.7 0.7 0.7 
3.85017288057352 3.4255779840656806 0.8987283916491229 0.1282702180180869 0.5927435865837603 -1.2953949282427757 10 10 10 0.7 0.7 0.7 
4.625210075170629 1.309911469654772 0.5700343036744328 0.21201568330143797 0.5354035492763687 -0.7249824362683543 10 10 10 0.7 0.7 0.7 
4.075868605253897 2.836460232199933 1.2140632616372422 0.2542593287736329 0.6996999793816837 -1.109056381934974 1.3396978896415366 209.94033102623555 4722.968095224494 1.0 0.000390969355098078 1.0 
5.276450448387887 -1.7686003325644084 -0.3000912099175663 0.3761402587256368 0.4325490702613053 0.6190288540421927 1.3388404823873636 209.43853974102623 4699.775574927336 1.0 0.00042607234326820086 1.0 
3.818167165733663 -0.8625758197703994 0.08255084691463417 0.3879622196726457 0.37133579709367437 0.4160840191647776 1.3390098970677065 358.170771619915 5000.0 1.0 0.09473988044781788 1.0 
4.680654419089897 -0.14981537152719157 0.5216799121870871 0.3285139186950172 0.5600054985316879 0.04215077698582236 1.3650587672994237 5000.0 5000.0 1.0 1.0 1.0 
-5.624956820952376 0.7915722072964744 6.0854718616327155 0.4983693327335047 1.017409878109 -0.50695105063318 1.4773181574946146 739.390447989449 5000.0 0.6830374865017272 1.0 1.0 
-3.6542294902299717 -0.7199035963618909 8.273142547294782 0.4086168009987727 0.7592922291726895 -0.11048536741858281 1.7028558745221056 5000.0 2127.6911932808716 0.0938914284086815 1.0 0.0018151370190205014 
-3.1623007309449136 -0.6899411645510042 8.621361787719357 0.39513517178639723 0.8029868551401876 -0.183821900336297 1.3952196495778817 5000.0 1866.4658028573303 1.0 1.0 4.362758650115306e-05 
12.35471350267277 -1.7412642703128556 17.678847416742173 0.4049279665822875 1.7424887372940292 -0.41386930018149876 1.3952544612458302 5000.0 1866.2475166557424 1.0 1.0 0.00024282649332775744 
12.647876657827979 -2.894158646652043 17.28666123188352 0.38421981155400087 1.412920690299245 -0.11105451372835172 1.4970153422128496 5000.0 1872.225728424654 0.9998975496285508 1.0 0.13554100805348113 
13.217007975008068 -4.9011547534308155 17.514583816938927 0.38436438666599626 1.6335295312199363 -0.012340452308712987 1.6925710477176406 5000.0 1866.3667027929905 0.9998158515359469 1.0 0.2421275345100435 
12.024714922240218 -1.7499009215624772 21.643138060215204 0.45724848034179183 1.8253341092570572 -0.5875140755879442 2.14252383722698 5000.0 1867.7571195587495 0.28981670427530015 1.0 0.00023760716407721078 
12.770295680988601 -9.797636218383596 30.403907638801023 0.404919014937493 2.247676042697065 -0.6716480669632623 2.486248803843648 5000.0 1869.916727117366 0.488772040929169 1.0 0.08330257551204577 
13.483047656146947 -6.771383747132268 28.57659646034636 0.4254906953614692 2.0995510115434968 -0.9791898905712952 2.4340973423747814 5000.0 1883.0154041275543 0.9271610940383775 1.0 1.0 
14.943072756949135 -11.244052373563628 56.93802038253625 0.34102080224620396 2.6508596962566107 -1.0908819819791304 2.8900005115830574 5000.0 1866.337172464646 1.0 1.0 0.0006885323031042597 
9.699093894142834 -20.53901888924142 53.528146790062124 0.24344206541377567 2.541339296254354 -0.9580740962604729 3.802732371673307 5000.0 1874.6624322027492 0.47688098905996906 1.0 0.9993047094409581 
18.110234778289545 -21.238176481174296 71.051068708533 0.19437836098228653 2.5953020442792667 -0.9747450565536878 5.695699510599588 5000.0 1869.5375904395125 0.0 1.0 1.0 
-7.607044588089698 -17.57048443192247 88.10507449787272 0.23290080508897884 2.316167006391541 -1.2311744345947606 5.50024371600979 5000.0 1859.5292481139484 1.0 1.0 0.8490679687467226 
-4.812089015974544 -16.139041622239677 80.76748112694574 0.26651643686832066 2.3996329593057464 -1.1056058865603682 7.732913626495402 5000.0 1913.0165207834873 1.0 1.0 0.0 
-2.7675769806844066 -12.252078428728673 67.83856108783421 0.28889829318855526 2.08982101230562 -1.3090899307954842 13.775475704348683 5000.0 1860.3267418868436 0.0006084149763781795 1.0 0.568897294998884 
-0.5499820285639866 -14.017496135040684 77.38177141183165 0.267187614130687 2.508552785170425 -1.1406704890027781 33.38057276042067 5000.0 1858.7962966763605 0.0 1.0 1.0 
-6.54865811330418 -14.364409107277622 67.25663815188736 0.20458521755391784 1.7562171686194368 -0.8609418775022877 320.4710647909935 229.24046082487692 1860.4722615213775 0.7337614100057483 1.0 1.0 
5.619756664538471 -0.0068293628736234855 -0.1993268460343776 0.005828555392992765 0.662088061546834 -0.2955615533879496 210.3183232428693 5000.0 1862.63844360221 1.0 1.0 0.0005000262887283515 
5.5913280691555425 -0.05011087657391398 -0.6880337921962034 0.062318730904121114 0.4571174789450345 -0.18244065984778937 1378.0170663114038 5000.0 5000.0 1.0 1.0 1.0 
5.587031216071813 0.006948590985280565 -0.3446675008660004 0.06405108002673789 0.5539532435588314 -0.19372114216319705 5000.0 5000.0 5000.0 1.0 1.0 1.0 
5.133155242168295 -0.45522305372789523 -1.8539873885843698 -0.03458650409959565 -0.11829564386629515 0.24919245155565276 612.573565377152 5000.0 5000.0 1.0 1.0 1.0 
5.172004370118177 -0.398963885897973 -1.4411041935215936 -0.051543994109581076 -0.018050265434047558 0.29780442041040606 31.97081697082201 5000.0 5000.0 1.0 1.0 1.0 
