3.8514961440344724 4.06092307106044 3.7837883520164044 0.49000243492676054 1.1185273442514563 -1.4487700690048189 10 10 10 0.7 0.7 0.7 
3.697662440907511 4.690058911116015 4.034792096507367 0.5009843721124565 1.1817217395155966 -1.6241671481416857 10 10 10 0.7 0.7 0.7 
3.781610522959468 4.061993996790773 4.3174189309033215 0.47353030764459536 1.2484638642550177 -1.4527773993228046 10 10 10 0.7 0.7 0.7 
3.781610522959468 4.061993996790773 4.3174189309033215 0.47353030764459536 1.2484638642550177 -1.4527773993228046 10 10 10 0.7 0.7 0.7 
4.066837783445753 3.098031557174649 2.4520846090782773 0.38928847601543054 0.6810386231251563 -1.178310882128414 10 10 10 0.7 0.7 0.7 
3.8841338272454218 2.0020799812988193 1.9094464217071418 0.30280373351298734 0.5073365189599102 -0.8726059797480599 10 10 10 0.7 0.7 0.7 
3.8841338272454218 2.0020799812988193 1.9094464217071418 0.30280373351298734 0.5073365189599102 -0.8726059797480599 10 10 10 0.7 0.7 0.7 
3.8841338272454218 2.0020799812988193 1.9094464217071418 0.30280373351298734 0.5073365189599102 -0.8726059797480599 10 10 10 0.7 0.7 0.7 
4.753517921680017 -0.5775388247894931 -0.5973264606435679 0.019625981144586385 -0.24411936664026448 0.06703414267922936 10 10 10 0.7 0.7 0.7 
4.416730228580264 0.1625382535068324 1.2170744208669648 -0.05238373188112027 0.24654520748711362 -0.10997021978641519 10 10 10 0.7 0.7 0.7 
4.416730228580264 0.1625382535068324 1.2170744208669648 -0.05238373188112027 0.24654520748711362 -0.10997021978641519 10 10 10 0.7 0.7 0.7 
4.416730228580264 0.1625382535068324 1.2170744208669648 -0.05238373188112027 0.24654520748711362 -0.10997021978641519 10 10 10 0.7 0.7 0.7 
4.67065436737817 -0.21778704054456768 1.483607929204358 -0.06510395107421567 0.3159389488753542 -0.0127701586599007 10 10 10 0.7 0.7 0.7 
4.67065436737817 -0.21778704054456768 1.483607929204358 -0.06510395107421567 0.3159389488753542 -0.0127701586599007 10 10 10 0.7 0.7 0.7 
4.304413733396727 0.8848017685563287 1.8189375071135478 -0.035825792959523484 0.43571055875622466 -0.3045939890674972 10 10 10 0.7 0.7 0.7 
4.239729273992858 -0.13359573776496916 1.7669343790739174 -0.07069098726430845 0.38706877749473007 -0.03965302881167422 10 10 10 0.7 0.7 0.7 
4.370057682415322 1.2883445370710294 2.961477020100755 -0.02929851442383424 0.759562619211941 -0.41427204814891644 10 10 10 0.7 0.7 0.7 
4.743163568721915 0.5063190527426442 1.550892250151388 -0.06273912530251186 0.3419377088561588 -0.2022805200191231 10 10 10 0.7 0.7 0.7 
4.743163568721915 0.5063190527426442 1.550892250151388 -0.06273912530251186 0.3419377088561588 -0.2022805200191231 10 10 10 0.7 0.7 0.7 
4.275734775283709 0.28438643809171193 1.1627565784073153 -0.11727070737211515 0.21610259031234355 -0.145017354351938 10 10 10 0.7 0.7 0.7 
4.406032553966213 0.9382280630175798 2.269372038458174 -0.09543331057918614 0.538285146156268 -0.3162705461817236 10 10 10 0.7 0.7 0.7 
4.406032553966213 0.9382280630175798 2.269372038458174 -0.09543331057918614 0.538285146156268 -0.3162705461817236 10 10 10 0.7 0.7 0.7 
4.834400502550296 0.18343566165156253 1.913165840384051 -0.11631767351027131 0.407917585669952 -0.11009137805950948 10 10 10 0.7 0.7 0.7 
4.9477604217618625 -0.3086792210492646 1.0690296782504298 -0.13181621190978174 0.1666464872982905 0.025013000014496172 10 10 10 0.7 0.7 0.7 
4.423204161201676 -0.10622900894166067 0.6700166547581161 -0.13082544382137443 0.05583543793749854 -0.028953383044407584 10 10 10 0.7 0.7 0.7 
4.423204161201676 -0.10622900894166067 0.6700166547581161 -0.13082544382137443 0.05583543793749854 -0.028953383044407584 10 10 10 0.7 0.7 0.7 
4.571405191662826 0.15378970350713383 1.4054105200676847 -0.12354683275326342 0.2705357247561999 -0.1025136645524125 10 10 10 0.7 0.7 0.7 
4.571405191662826 0.15378970350713383 1.4054105200676847 -0.12354683275326342 0.2705357247561999 -0.1025136645524125 10 10 10 0.7 0.7 0.7 
4.731279864111052 0.26146510615571394 1.4877507372186127 -0.12624904329594613 0.2822979477847132 -0.12975475889850804 10 10 10 0.7 0.7 0.7 
4.542638221486735 0.33768467574612526 1.3245350623066368 -0.13370009179540793 0.2344279116111628 -0.1545372396480747 10 10 10 0.7 0.7 0.7 
4.596546077201217 0.5364062538558131 1.5333563869133278 -0.125261681367698 0.3131755767904111 -0.20934918262906071 10 10 10 0.7 0.7 0.7 
4.596546077201217 0.5364062538558131 1.5333563869133278 -0.125261681367698 0.3131755767904111 -0.20934918262906071 10 10 10 0.7 0.7 0.7 
4.596546077201217 0.5364062538558131 1.5333563869133278 -0.125261681367698 0.3131755767904111 -0.20934918262906071 10 10 10 0.7 0.7 0.7 
4.483369944382313 0.5622560628159129 1.8607335388819761 -0.12985933168428482 0.38636370044282875 -0.22801440795518796 10 10 10 0.7 0.7 0.7 
4.483369944382313 0.5622560628159129 1.8607335388819761 -0.12985933168428482 0.38636370044282875 -0.22801440795518796 10 10 10 0.7 0.7 0.7 
4.506334521007747 0.31238963009883747 1.4019863860299544 -0.13930919363681402 0.2661882157333214 -0.1598814649879128 10 10 10 0.7 0.7 0.7 
4.5938430178590846 0.26449866871352307 0.9476505566748142 -0.15365991068485807 0.11827288578659459 -0.14532102168953098 10 10 10 0.7 0.7 0.7 
4.439096604434963 1.899803389856484 1.39673355900529 -0.01958548499758431 0.29507402538259003 -0.636750139793655 15.031542708704114 1133.0309286306012 4200.1241914907305 0.8635601057314576 0.001513078583266568 0.9916215300057962 
3.3473129515093425 0.12014388844241264 0.40681390993954497 0.30902360960312397 0.007376834122737802 -0.0180456805999715 14.938726159231221 1169.2518700361709 4210.561238985292 0.9013381120602912 1.0 1.0 
4.045611880848537 1.6450831610644967 2.505740998071599 0.31352529836341075 0.6835446208461292 -0.5261583665156522 14.879232372662559 5000.0 5000.0 0.9999896433381302 1.0 1.0 
4.041485015780164 1.885516398446293 2.2237688135573084 0.31861432327024997 0.596402877140778 -0.5935346891958394 14.931653034437197 5000.0 5000.0 0.836801759573337 1.0 1.0 
2.47911270816406 5.804240343081299 2.4199559814118103 0.4695538915039764 0.6852795823500433 -1.4975973788581416 14.883627471753949 5000.0 5000.0 0.9998912799805983 1.0 1.0 
1.1246374333996942 8.855103574622168 2.849449863491002 0.5553971479581754 0.8606293849081953 -2.3198739291558215 15.182688943705779 5000.0 4476.770308781694 0.00024039333317762765 1.0 1.0 
-8.593405416718946 6.913849219663965 4.88515543316794 0.4837891270951462 0.933254404651821 -1.9444469486693656 14.88627124949399 5000.0 1489.0093395823262 0.9999948056920889 1.0 1.0 
-3.925586972229546 4.319137526755183 6.744115241231266 0.4171304036419486 0.8135650639505527 -1.5038521715785078 15.138803644603618 5000.0 1142.9552537521827 0.06318799766970784 1.0 1.0 
4.708682367827551 -0.8032710541382602 24.977292590363163 0.36491350371667197 1.1821728998838974 -0.4222732280543842 15.162427312172776 5000.0 1144.8265852465065 0.0 1.0 1.0 
2.873172897269496 -6.661854483525208 29.129552790751063 0.3385026787073502 1.4073468111656289 -0.45893498795242854 15.913325371653539 5000.0 1137.8285373016543 0.8962686047677169 1.0 1.0 
5.12403581188896 -3.2279065794755355 29.264510311375258 0.4002583179770482 1.352491196417913 -0.49935211513962685 16.611658401554735 5000.0 1145.0276886825254 1.0 1.0 1.0 
6.879302002230625 -4.976593450633638 34.195793398209155 0.4296666580646694 1.7266377330412253 -0.6407068794360294 17.987430696062788 5000.0 1137.8823253704827 1.0 1.0 1.0 
2.0405895988858873 8.840835986781794 29.26503867758984 0.578320331763501 1.5554679147518062 -1.0031990028406026 19.59209791613535 5000.0 1142.6071111456356 0.005013940733348591 1.0 0.9130655654734793 
4.734315205826146 7.198111894728271 31.49918214460264 0.6105877833862723 1.793882266821977 -1.4899961482710555 24.31068636320963 5000.0 1138.085053415622 0.33847651380402116 1.0 1.0 
3.188257929232389 6.994888559343648 25.641288909613046 0.6642890742718218 1.5494636144323233 -1.9454074702827848 27.53925016187222 5000.0 1143.4952824328225 1.0 1.0 0.0 
2.173365858860514 5.2429949797420745 27.043062999079428 0.677719744788215 1.761637048166596 -2.264730620494862 31.57932376786753 5000.0 1143.7611316191005 0.6413761314496137 1.0 0.00036269407238689476 
2.072314073535658 8.397056303606876 23.48471456769952 0.7297669409002207 1.6913943370596662 -2.403961256585339 34.56696020318454 5000.0 1145.2720399540563 0.6637014929808541 1.0 0.008927546862062506 
2.4129057531210725 6.41587897262409 30.932301636341954 0.7308836102207749 2.0183526151257225 -2.469675933935828 38.50419482388154 5000.0 1141.2934201940836 0.5035102524530388 1.0 0.0011118395445826115 
-7.50736087520037 7.935332167281218 41.006347330633105 0.7450794671001322 2.0898803184672583 -2.638634417031045 51.710536686399045 5000.0 1142.0984252441501 0.7821067767542752 1.0 0.003221993201422836 
-11.182070214707714 5.1255925651354115 56.38236776496704 0.7202683181466658 1.9165540629442213 -2.6910737518243724 60.42944134189311 5000.0 1158.2211391988199 1.0 1.0 0.0 
-9.780796004469304 3.4411767085274643 68.28769450336108 0.6914152150824743 2.1069824338459715 -2.736672125905895 76.23681078015765 5000.0 1147.6925391581997 0.5667715295915416 1.0 1.0 
-6.510814402908039 -0.5522054620410991 71.22228624509694 0.6681030236843122 1.9500455878338754 -2.837140880541773 143.18140020802446 5000.0 1143.610606365757 0.9970547459796086 1.0 0.0 
-26.944572125180066 -3.9777099075962723 68.63025159449576 0.606111236672576 2.0864781498095364 -2.7404623669874772 313.0284666231857 5000.0 1145.43869086318 0.0 1.0 0.0 
-32.28189052150201 -6.523465091149168 51.665662884724725 0.4866695137124292 1.4874432274664338 -1.9566778948566803 5000.0 5000.0 1162.1467350255755 1.0 1.0 0.00047434580343892817 
3.3488226510307415 -1.3386023459092153 5.353839594010885 0.2561562803651212 0.5517278439052221 -0.6088968479563174 5000.0 5000.0 1147.3424914765442 1.0 1.0 0.0 
5.435954609030485 -1.0835106365219191 0.6947812129812759 0.16442334466476557 0.26072203524703386 -0.27583630438009027 1651.4645853700486 5000.0 1994.492181974022 1.0 1.0 1.0 
4.538320053038294 2.505658608219235 1.7023958373266637 0.2762625469744088 0.5004913566022373 -1.1104625586649943 4943.104655455783 5000.0 5000.0 1.0 1.0 1.0 
4.578867604521885 2.260971303440338 2.00495085204332 0.28036430509510024 0.610106444084302 -1.0396659200253344 5000.0 5000.0 5000.0 1.0 1.0 1.0 
5.0163114484550295 -1.1738017956966542 0.4361381038232611 0.07816589165724265 0.1437531434203984 0.18783852215129954 467.7690586311855 5000.0 5000.0 1.0 1.0 1.0 
4.624029357630935 -1.0796838181479331 0.23286386725251745 0.05824982729248043 0.05867852838134719 0.27708513470462 406.219328722374 5000.0 5000.0 0.0043632368926090695 1.0 1.0 
4.480035384193519 -0.31723635961012414 1.7907066885763256 0.07023319927121364 0.5398006214852404 0.07467632503555452 151.38101891356285 782.9471723918364 5000.0 0.0 1.0 1.0 
4.297140817108022 -0.397283615014832 1.9950203523007346 0.056780119351502074 0.5908907338012571 0.08563653698700127 81.31101758108827 831.7892428462702 5000.0 1.0 1.0 1.0 
4.849466060781455 -0.5366971042168671 1.038514758543254 0.044461437415279075 0.34287268358885414 0.11611467738239616 58.38763170084996 5000.0 5000.0 0.0 1.0 1.0 
4.90846659352606 -0.3490173360815551 1.2193677420432885 0.03234832271834154 0.40477996365960256 0.07679042062531428 46.17127593834538 5000.0 5000.0 1.0 1.0 1.0 
4.930990183645474 -0.36590221474712586 1.0742313665526426 0.0087342309121144 0.3425476802377441 0.056832056350566415 36.433156484932105 5000.0 5000.0 0.0 1.0 1.0 
4.2155188405254655 2.7255461472105553 1.3343863817013077 0.06135087985642807 0.3285342370372404 -0.8156971441336068 29.37456038852273 5000.0 5000.0 0.0 1.0 1.0 
3.7529975371728193 4.246504178304252 2.872765185236164 0.22828540580786885 0.8977423756969076 -1.2854465003459803 25.820484548385377 5000.0 5000.0 1.0 1.0 1.0 
3.7367045168886683 4.708511696113989 3.1027539634317076 0.23469502006831078 0.9241338950521106 -1.428964471687793 24.183030735974214 5000.0 5000.0 0.9974889539682537 1.0 1.0 
