4.958145993438016 0.5867787799896976 0.521822286897949 0.10119404665434152 0.5623898380816214 -0.10199036794367311 10 10 10 0.7 0.7 0.7 
4.958145993438016 0.5867787799896976 0.521822286897949 0.10119404665434152 0.5623898380816214 -0.10199036794367311 10 10 10 0.7 0.7 0.7 
5.008048446737558 0.592933021308037 0.517650105847855 0.10168618175205388 0.5618303137571795 -0.10282537304915326 10 10 10 0.7 0.7 0.7 
5.008048446737558 0.592933021308037 0.517650105847855 0.10168618175205388 0.5618303137571795 -0.10282537304915326 10 10 10 0.7 0.7 0.7 
5.001144833460308 0.5891454794061699 0.5368119012255519 0.10159509388206439 0.5676420057780863 -0.10185731414427425 10 10 10 0.7 0.7 0.7 
4.980634284884101 0.5991083579203459 0.5502179301854135 0.10167997885593 0.5719435168555003 -0.10402455313036758 10 10 10 0.7 0.7 0.7 
4.7015996797905935 0.9736451897720833 0.21994470284476195 0.03539634955189435 0.43321399548757755 -0.19995580360143714 10 10 10 0.7 0.7 0.7 
4.87986002115848 2.008662181298591 -0.6194555205513204 -0.02078769132750362 0.2096240408891972 -0.387629772768485 10 10 10 0.7 0.7 0.7 
4.87986002115848 2.008662181298591 -0.6194555205513204 -0.02078769132750362 0.2096240408891972 -0.387629772768485 10 10 10 0.7 0.7 0.7 
4.885068519561686 2.036709535357009 -0.9558702145507041 -0.027610403392242366 0.1331592009368561 -0.4010071998506415 10 10 10 0.7 0.7 0.7 
5.431100938926588 1.83529664425383 0.7199650107217732 -0.04924176442988338 0.6279944005146547 -0.3629497151606954 10 10 10 0.7 0.7 0.7 
5.431100938926588 1.83529664425383 0.7199650107217732 -0.04924176442988338 0.6279944005146547 -0.3629497151606954 10 10 10 0.7 0.7 0.7 
5.431100938926588 1.83529664425383 0.7199650107217732 -0.04924176442988338 0.6279944005146547 -0.3629497151606954 10 10 10 0.7 0.7 0.7 
4.7661439674653 2.5905668440212506 -0.7041295021738309 -0.007027562517595664 0.25716878760993395 -0.6144561215085212 10 10 10 0.7 0.7 0.7 
5.02617801688175 2.253774427567935 -0.9433241343151391 -0.012941690193391683 0.12366894268854758 -0.5829294760130194 10 10 10 0.7 0.7 0.7 
4.771339775374535 2.141002541752573 -1.043044816794248 -0.0006643830378571319 0.058047613005125794 -0.5239310971736608 10 10 10 0.7 0.7 0.7 
4.771339775374535 2.141002541752573 -1.043044816794248 -0.0006643830378571319 0.058047613005125794 -0.5239310971736608 10 10 10 0.7 0.7 0.7 
4.886009205554289 2.0450288678423285 -1.3881301287186865 0.00024761078263570103 -0.03262697976977469 -0.4936933519538993 10 10 10 0.7 0.7 0.7 
4.565320214711717 2.399979176006165 -0.6641893054883804 0.005472104093337084 0.14882490017749536 -0.5932615115340516 10 10 10 0.7 0.7 0.7 
4.921529877092349 2.489966986417441 -0.24174207392071823 0.003402746069739069 0.30937605748293595 -0.6066034234709284 10 10 10 0.7 0.7 0.7 
4.921529877092349 2.489966986417441 -0.24174207392071823 0.003402746069739069 0.30937605748293595 -0.6066034234709284 10 10 10 0.7 0.7 0.7 
4.887739607626486 2.392458756181944 -0.4009686935430247 0.003705467787913917 0.2594657106728409 -0.583326993205912 10 10 10 0.7 0.7 0.7 
4.887739607626486 2.392458756181944 -0.4009686935430247 0.003705467787913917 0.2594657106728409 -0.583326993205912 10 10 10 0.7 0.7 0.7 
5.011276857915154 2.1854507967393038 -0.3015167915286777 -0.0001422674065643023 0.277248981089889 -0.5319256936078043 10 10 10 0.7 0.7 0.7 
5.011276857915154 2.1854507967393038 -0.3015167915286777 -0.0001422674065643023 0.277248981089889 -0.5319256936078043 10 10 10 0.7 0.7 0.7 
4.543878603503205 2.081423824998528 -1.2503687026220012 -0.0011378904550570646 -0.009004708498715503 -0.5122349011828313 10 10 10 0.7 0.7 0.7 
4.9609645738767965 2.187653700560794 -0.22325734117889737 -0.0002466722078194877 0.2771858641760684 -0.5400154852452199 10 10 10 0.7 0.7 0.7 
4.973255303497807 1.0837097035988796 -0.46119985433066096 0.079787144282106 0.26761000474687247 -0.3123352168562474 16.686230580693945 34.77781748307086 0.0 0.6970364423149202 1.0 0.0 
4.810827229229626 1.2092058773047332 -0.00496591478280965 0.08209731044303349 0.3995763265791844 -0.34963734139046354 16.63993210032231 16.401454333655295 0.0 0.7785068543981857 1.0 0.0 
4.189973134030097 -1.3499671325027771 -0.703727261159682 0.24960570781056174 0.16345193905217356 0.49039381726482284 16.083739770764108 18.493790378549434 0.0 0.7904302914720166 1.0 0.0 
5.221642997236107 -1.7522649305470708 0.39901515616600064 0.3904057103933673 0.5436281695708491 0.6710911136680454 13.927913208805212 0.0 0.0 0.9965974268475022 0.0 0.0 
5.280602859931296 -1.9329234762619685 0.14951632452748623 0.36810104244410735 0.4819976810195087 0.7482366496019989 17.40934865779271 0.0 54.685548985753705 0.9982630208521357 0.0 0.0 
4.6207256963763665 -1.6332045785467773 -0.5569438032360984 0.38897804227023863 0.18538246544630982 0.6545196425967552 16.838384236305767 0.0 0.0 0.0 0.0 0.0 
4.702167276252822 -0.5893116879588838 0.6222421875575062 0.3711516248255863 0.6305208745680276 0.22938603683978562 15.705743920369773 0.0 0.0 3.750807455260574e-05 0.0 0.0 
4.733674621518321 -1.0813833192788989 0.08945994650130942 0.35375576855915636 0.4445023378183496 0.3571899045255801 15.993200786700791 0.0 5000.0 0.0 0.0 1.0 
1.7408071651289143 0.047305607176875146 0.9863798344003307 0.48032177215560523 0.4368389512751454 -0.23086731755577486 16.095759057396677 199.99902866122812 199.99998900876255 6.472645967042296e-06 0.0 0.8226256469524957 
-5.836538557587828 -0.10214537808927333 6.328616085871461 0.41116708980982575 0.5433714475974659 -0.2024711581509509 5.917456728034661 199.99937496910405 44.21162219977445 0.013851786789688224 0.4715854279399719 0.0 
-3.7142476440786476 0.0830514740166728 7.748283050908098 0.3821805347742525 0.9649011564880893 -0.34051947269683686 0.0 0.0 203.801116232775 0.0 0.0 0.9307968979052496 
12.262788486047912 -1.5340437915706293 17.943885457532947 0.40595020072180105 1.5306327374364506 -0.46365834510225834 0.0 199.99983470370313 250.03711496874865 0.0 0.7924544267654009 1.0 
12.854882129658684 -4.74529398936845 17.45861910784272 0.36216169775574986 1.491641131232208 -0.13887164405290311 42.98947257894971 0.0 584.0698633207084 0.8900138879431244 0.0 0.9998104158481568 
12.509516455327418 -9.648263484118647 14.86150646696375 0.34838229570001766 1.1947183934109427 0.04856254716442371 48.53486694220129 0.0 567.4960953625141 0.9792021705016198 0.0 1.0 
12.048869615046442 -3.352000018452604 18.61411007802839 0.3859838650777424 1.670336652214849 -0.2622336312311659 51.53738908067624 0.0 480.9949650749483 0.9998403485177876 0.0 1.0 
11.473033023426616 -4.903792531613827 21.39825636101662 0.3978268653531649 1.8630850494548052 -0.5153283890020541 63.62225194969275 0.0 650.1782182674169 0.9966734509205373 0.0 0.9668769374959715 
12.40658069357516 -13.095686755441504 19.90297020456914 0.3862261885713442 2.076364765634012 -0.6998728440052913 64.65930876203082 0.0 698.2038657863332 0.9991121140146331 0.0 0.4030440176783335 
11.955972173708517 -13.099747868101447 28.96821571554639 0.35599161099556925 2.3396245389520245 -0.7510615981052357 81.84958397457511 0.0 645.9950764469659 0.004492920430610117 0.0 0.0 
13.59788857385851 -13.550239650753474 25.721448738610256 0.3851687410297024 2.124059135787663 -0.7919306600219287 88.36890872025566 0.0 946.5519458863341 1.0 0.0 0.9997752150984082 
10.825128396760148 0.2627941230901585 19.49019005220849 0.46330580781405367 2.156251087048977 -0.8955920458796159 119.38344674125203 0.0 832.5250303754983 1.0 0.0 1.0 
10.662771262487345 -0.6979807913786843 21.435020390035657 0.4650476811552428 2.462495792628545 -0.7817711965638964 147.89785054182434 582.5047275701947 631.2244252184262 1.0 1.0 0.9881191202427075 
11.226636694588452 -3.888448892512048 32.938416022536835 0.41772587107530795 2.4397635141986567 -0.777334784660636 272.0368165582013 0.0 692.1244090146441 0.594432710063195 0.0 1.0 
16.29325244674971 -15.242665337460863 62.76396509652288 0.18856218153264234 1.9545958631010467 -0.333652287476045 554.9309843629695 0.0 1076.9758400622723 1.0 0.0 1.0 
14.835447695670478 -15.14842069216012 56.50724515414464 0.1902509564503275 1.4553874682147896 -0.2499074319282491 5000.0 0.0 2043.8377222867787 1.0 0.0 1.0 
18.66364017838189 -8.86031613393839 25.38796028061955 -0.026220165824809228 1.2692325529882584 0.17241354267340886 5000.0 0.0 1841.3412993413751 1.0 0.0 0.0 
5.014380969062937 -0.45934626196904194 -0.49958121706058406 -0.007098643874044252 0.5626641675980361 -0.15550478449013994 5000.0 0.0 1187.4812543449464 1.0 0.0 0.0 
5.048915021224731 -0.1966141155503888 -1.421496711400357 0.021579587850212086 0.160682218717572 -0.08088030996547732 5000.0 192.5756183355413 0.0 1.0 0.0 0.0 
5.54424412694619 0.3083137977556937 -0.19893757246766686 0.051339389563940234 0.5810127994290215 -0.18611922521712457 5000.0 0.0 0.0 1.0 0.0 0.0 
5.45876322121851 -0.8161531951099925 -2.098611067940253 -0.04756808116263811 -0.08821915926500977 0.3316532675116463 5000.0 626.2831552458972 0.0 1.0 1.0 0.0 
5.459031939947023 -0.6925159513802654 -0.038879067448226175 -0.04143372135046057 0.39126780836825814 0.38658031089809525 695.8284499167008 0.0 0.0 1.0 0.0 0.0 
5.358549028397007 -0.6241155136473187 -0.5583377499941814 -0.09779508592348317 0.27798380877823764 0.34623104920366726 207.39558646171443 0.0 191.59769173731482 0.0 0.0 0.0 
5.203159200320626 -0.709525397081196 -1.4046380832664431 -0.08961158624528945 0.04529431086115801 0.341274331004345 113.64407584867612 0.0 0.0 1.0 0.0 0.0 
5.132333885539909 -0.9116312521418272 -0.9853474044481695 -0.12570618570344835 0.17255328114001098 0.3647649335350693 79.42672655050713 0.0 0.0 0.0 0.0 0.0 
5.390014264007625 -1.2629401800995428 -2.163317225764068 -0.13945302439199636 -0.12257193692855269 0.435481614348765 54.44400189957049 0.0 0.0 0.0 0.0 0.0 
5.436731902001964 -1.0134660369471031 -1.252919276763545 -0.12711310379189614 0.1228451919402022 0.3735743397735398 37.97582218256016 0.0 0.0 0.49267290056430957 0.0 0.0 
5.871609136495385 0.41113155017866104 1.2525747775216511 0.06497067575871605 1.0321767446266794 -0.09966773891901694 29.279011492460967 0.0 0.0 0.0 0.0 0.0 
