3.720398552875973 3.88586949042581 2.5942011853899185 0.2372055280677353 0.7526795187339944 -1.22305007567541 10 10 10 0.7 0.7 0.7 
2.7921695663841795 6.001700650941299 0.9073710968935775 0.14015879279917134 0.2094974656469885 -1.8062656754021233 10 10 10 0.7 0.7 0.7 
2.7921695663841795 6.001700650941299 0.9073710968935775 0.14015879279917134 0.2094974656469885 -1.8062656754021233 10 10 10 0.7 0.7 0.7 
2.7921695663841795 6.001700650941299 0.9073710968935775 0.14015879279917134 0.2094974656469885 -1.8062656754021233 10 10 10 0.7 0.7 0.7 
2.7921695663841795 6.001700650941299 0.9073710968935775 0.14015879279917134 0.2094974656469885 -1.8062656754021233 10 10 10 0.7 0.7 0.7 
3.2731204763338644 5.306327372143184 0.6253924169092906 0.08745572727282949 0.03622262790336017 -1.5874038573262996 10 10 10 0.7 0.7 0.7 
3.2731204763338644 5.306327372143184 0.6253924169092906 0.08745572727282949 0.03622262790336017 -1.5874038573262996 10 10 10 0.7 0.7 0.7 
3.0316374105518755 5.26148564630315 0.7609013212197024 0.0697148700632174 0.056650888977913386 -1.5699615642982683 10 10 10 0.7 0.7 0.7 
3.454106662725524 5.791382420527204 0.983795867907195 0.11166527394166514 0.13731566470173323 -1.6768667071987045 10 10 10 0.7 0.7 0.7 
3.155061649871907 5.367431048797903 1.1895727052182494 0.1377183988428267 0.21091789246252202 -1.579144827797645 10.214215273633135 190.2753888430027 102.5406604974078 0.0 0.9922124054056555 2.3941051393788022e-05 
3.2752973079509613 5.294132490588073 1.2802383399314008 0.13713097867267313 0.2363374413257811 -1.5620806218584267 9.056281962627324 175.92802913653838 124.37763695326095 0.9256062360217506 1.0 8.65003731971062e-05 
3.3516147370859786 1.0737074576480428 2.1480906138725824 0.3869370368988554 0.6311343563149153 -0.2971146294755441 9.550656006967618 173.47319552995714 133.84529567735692 0.456158682781624 1.0 0.00023845765334833274 
3.8575731690134543 2.092039961138882 2.4089575319861556 0.34358893579501093 0.7134805731962452 -0.6450471185754177 9.909088022602436 5000.0 5000.0 0.0 1.0 1.0 
-12.788420319502457 7.3966140093735255 4.1406510381007955 0.5484380391732893 0.8598889787540821 -2.030150867906475 11.39278599353633 5000.0 5000.0 0.08340368195215017 1.0 1.0 
-8.945672642534088 2.7660677172176986 6.528925615571263 0.4141112227273281 0.8290999656190201 -1.1572671905823224 0.0 5000.0 114.7497777170368 0.0 1.0 1.0 
0.4849187412115584 -0.030008430218217592 23.09196167560337 0.44816588045958083 1.4609437509523353 -1.0143794115987972 0.0 5000.0 192.00326988459403 0.0 1.0 0.0 
4.5593354918963165 4.073632628182698 29.64686958381413 0.48783954539691093 1.3363799101757352 -0.6275019236382156 1.1584349702300039 199.99309093208015 653.650272029403 1.0 0.0 1.0 
4.58476419482212 2.013908673414948 25.83889077610141 0.5334130627396585 1.3690694952107314 -0.6199072532828036 15.529428055294032 5000.0 840.7864641338247 1.0 1.0 1.0 
4.4595658732120445 6.409323813756395 29.62215713184323 0.5807866813110212 1.6992650539718928 -0.8515804674498321 17.97536057784053 5000.0 726.2319000699398 0.18711727292018074 1.0 1.0 
5.240607488014083 5.52740193657918 38.15965774456683 0.653079136321622 1.972816968607671 -1.420102035753991 20.75216981130525 5000.0 834.8591933688425 0.13313392369427662 1.0 1.0 
3.8976651009595593 4.987050841554249 27.804700694661847 0.6747066944864138 1.9892259016124973 -1.5025050807520979 29.20126293517375 5000.0 1082.8997023557683 0.09952004319665944 1.0 0.0 
3.9153682852966587 5.886361631262683 32.523039027152564 0.7268729531583393 1.941961906251556 -2.2001815721290074 23.792477054008465 5000.0 786.0803621884504 1.0 1.0 6.328641999855559e-05 
-1.038828718101584 7.276871631973237 38.36580645378897 0.7459460298495006 2.1484372137865333 -2.2391584625696734 33.36835360855759 5000.0 922.5869835826103 0.08367103690139331 1.0 0.0 
-2.8075995031721863 0.010006322351252296 47.7025309906253 0.6803252806943675 1.8106871764799246 -2.061333322552888 0.0 5000.0 1088.0823870547451 0.0 1.0 1.0 
-2.680169561735014 1.810547282766522 52.1968645434172 0.7270012203233508 2.023037948974973 -2.2827265287858998 0.0 199.87569406244202 1346.7877114110363 0.0 0.0 1.0 
3.893103270272912 1.578751225873722 65.70824321085358 0.6890795540759918 2.2127540034749758 -1.9764945962419525 0.0 2871.091755445941 1453.4844674495607 0.0 1.0 1.0 
4.512236112405544 3.5799991636117956 58.41321014078384 0.6460197258444854 2.377244448953721 -2.236359488898325 5000.0 5000.0 1849.2320082997473 1.0 1.0 1.0 
5.093486018899006 1.232564342663619 9.39264647661782 0.2423828464712877 0.7043526809438256 -0.838211254728624 5000.0 5000.0 1653.055466333086 1.0 1.0 1.0 
4.724087800020204 2.229749845727949 2.573629042781877 0.22624127291395735 0.868305201049866 -1.0918818168133548 1370.8195249799323 1411.7481457715687 655.9818725770468 1.0 1.0 0.0 
4.831931089836738 1.0938335673038913 1.1483180783047473 0.20096218346744366 0.455586466088635 -0.7628422727028615 5000.0 5000.0 5000.0 1.0 1.0 1.0 
4.739900363132365 1.1452171973092546 1.5735143330016998 0.21022944863211832 0.5598994652448657 -0.7684452025303389 5000.0 2565.086157542143 5000.0 1.0 1.0 1.0 
4.935599736807784 -1.0184030519730607 -0.14444527248098193 0.08900918472167714 0.0807830564193739 0.05998603809137138 5000.0 507.2794861094941 5000.0 1.0 1.0 1.0 
4.901876546776186 -0.5396977900726593 1.0715765110248239 0.07832861649942639 0.37491378633380007 0.1312654482653751 735.4281926363566 0.0 0.0 1.0 0.0 0.0 
4.894126778446516 -0.631900781197288 0.7185680367324393 0.06587876808602872 0.2998647506038372 0.17183187199485567 163.7497337207174 0.0 5000.0 1.0 0.0 1.0 
4.07150225324789 2.0178151290336026 3.3324115134556567 0.27592227760020804 1.0939357609117903 -0.6497649224335307 75.46155879518673 0.0 5000.0 1.0 0.0 1.0 
