5.7008676699757315 -0.3774993124701466 -0.7550959849805744 0.09641724983097935 -0.41810627625628405 0.5340824720246983 10 10 10 0.7 0.7 0.7 
5.708993906118186 -0.3684759608171798 -0.7387111599925583 0.09767454935284406 -0.41863697404569866 0.5317238311583641 10 10 10 0.7 0.7 0.7 
5.6627589649764305 -0.3874362802752578 -0.733256203595496 0.09705176683019544 -0.4163213959401034 0.5374548002545451 10 10 10 0.7 0.7 0.7 
5.6627589649764305 -0.3874362802752578 -0.733256203595496 0.09705176683019544 -0.4163213959401034 0.5374548002545451 10 10 10 0.7 0.7 0.7 
5.418461505080311 -0.9501381945784886 -0.6207007418700767 0.15531968467040402 -0.5489257511549844 0.7435881381391519 10 10 10 0.7 0.7 0.7 
5.418461505080311 -0.9501381945784886 -0.6207007418700767 0.15531968467040402 -0.5489257511549844 0.7435881381391519 10 10 10 0.7 0.7 0.7 
4.658705490568328 -2.0706536646223435 -0.959032090993228 0.18072761226568898 -0.7137761409367227 1.0767458147419486 10 10 10 0.7 0.7 0.7 
4.658705490568328 -2.0706536646223435 -0.959032090993228 0.18072761226568898 -0.7137761409367227 1.0767458147419486 10 10 10 0.7 0.7 0.7 
4.658705490568328 -2.0706536646223435 -0.959032090993228 0.18072761226568898 -0.7137761409367227 1.0767458147419486 10 10 10 0.7 0.7 0.7 
4.36988645203436 -2.9653038088657766 -2.017942385566329 0.3578255133837389 -1.371721660444846 1.3975168254311172 10 10 10 0.7 0.7 0.7 
4.976095741658026 -3.430111369179444 -2.174412286742596 0.344968332850318 -1.4086244439470708 1.5482293798606308 10 10 10 0.7 0.7 0.7 
5.1806366770512415 -3.558818577284216 -1.8640679980688195 0.34666167792282654 -1.3411164816843486 1.5838008637976455 10 10 10 0.7 0.7 0.7 
5.1806366770512415 -3.558818577284216 -1.8640679980688195 0.34666167792282654 -1.3411164816843486 1.5838008637976455 10 10 10 0.7 0.7 0.7 
4.418541145269052 -2.4890706976932955 -1.7795421552584096 0.3249667222801089 -1.1474358344962337 1.2792312113173978 10 10 10 0.7 0.7 0.7 
4.418541145269052 -2.4890706976932955 -1.7795421552584096 0.3249667222801089 -1.1474358344962337 1.2792312113173978 10 10 10 0.7 0.7 0.7 
2.742803999202334 -3.2223783341836523 -2.505446317807367 0.3189173924988336 -1.3709100105542085 1.5122673016090915 10 10 10 0.7 0.7 0.7 
2.742803999202334 -3.2223783341836523 -2.505446317807367 0.3189173924988336 -1.3709100105542085 1.5122673016090915 10 10 10 0.7 0.7 0.7 
2.742803999202334 -3.2223783341836523 -2.505446317807367 0.3189173924988336 -1.3709100105542085 1.5122673016090915 10 10 10 0.7 0.7 0.7 
3.669553593118876 -3.738023517784936 -2.679562545086742 0.3190223684927264 -1.4342187362957912 1.660226508762468 10 10 10 0.7 0.7 0.7 
3.9269379878612583 -3.782158960594943 -2.3141269473620354 0.3253225265447269 -1.3536219342994067 1.6831359134187736 10 10 10 0.7 0.7 0.7 
3.7004763486048597 -4.14914710366865 -1.5991058492431085 0.30181003636572884 -1.0899732562614972 1.7813012159224644 10 10 10 0.7 0.7 0.7 
3.7004763486048597 -4.14914710366865 -1.5991058492431085 0.30181003636572884 -1.0899732562614972 1.7813012159224644 10 10 10 0.7 0.7 0.7 
3.2770589706972655 -4.3042512566805975 -3.0129023330129767 0.3147213673299839 -1.5510737911049353 1.8679517370840273 10 10 10 0.7 0.7 0.7 
3.2770589706972655 -4.3042512566805975 -3.0129023330129767 0.3147213673299839 -1.5510737911049353 1.8679517370840273 10 10 10 0.7 0.7 0.7 
4.2903078388472276 -4.069323641308176 -2.5780255331506647 0.32278137077110775 -1.4577364438752578 1.8006107690182 10 10 10 0.7 0.7 0.7 
4.2903078388472276 -4.069323641308176 -2.5780255331506647 0.32278137077110775 -1.4577364438752578 1.8006107690182 10 10 10 0.7 0.7 0.7 
4.2903078388472276 -4.069323641308176 -2.5780255331506647 0.32278137077110775 -1.4577364438752578 1.8006107690182 10 10 10 0.7 0.7 0.7 
3.211276761079544 -4.031122181027787 -2.2026416519075434 0.30482702671088435 -1.2322350287641666 1.7152037548950427 10 10 10 0.7 0.7 0.7 
4.021147582786132 -2.904141207466555 -2.461020781390305 0.2969801977913728 -1.3171115997197917 1.3047442321442924 10.0 10.0 168.7810101872956 0.0 1.0 1.0 
4.010005701388353 -2.6665588710872954 -2.392716556051008 0.29503845273913704 -1.2752641471916382 1.2330053712249887 10.0 10.0 168.7810101872956 0.0 1.0 1.0 
6.777595143362169 0.0526494902169177 -2.2964825282500265 0.3448882112170553 -1.4299344292050622 0.41942691431760964 10.0 10.0 168.7810101872956 0.0 1.0 1.0 
6.9378821283282095 2.9387186504921767 -1.5496710610450415 0.24726374377779808 -0.8511991994531809 -0.6872236743122095 10.0 10.0 168.7810101872956 0.0 1.0 1.0 
7.424924929119497 2.1982761268490023 -1.4186963478423071 0.17620466143685137 -0.7391155460451179 -0.45123348530434876 10.0 10.0 168.7810101872956 0.0 1.0 1.0 
6.50425259641733 1.2119788354027012 -1.536025034851576 0.17270494405204667 -0.7892650523202704 -0.058881583477730565 10.0 10.0 168.7810101872956 0.0 1.0 1.0 
6.595146581233866 1.523766468058996 -1.665813426396754 0.18417532417340807 -0.8509911836448483 -0.16048345575786074 10.0 10.0 4331.398137821427 0.0 1.0 1.0 
4.852367879410759 0.8794712399568666 -2.7274814109231706 0.41503079630956896 -1.3998973265138783 -0.23570772220340658 10.0 10.0 4331.398137821427 0.0 1.0 1.0 
4.2454759673110365 0.47505112558101764 -2.571092938065988 0.4558358710793621 -1.4021825779253647 -0.14200055078705237 10.0 10.0 4331.398137821427 0.0 1.0 1.0 
3.500586831331111 -0.4252225001479087 -2.260577171928625 0.4608564951138106 -1.3047408966934937 0.07679026506980949 10.0 10.0 4331.398137821427 0.0 1.0 1.0 
-5.1397488073536 2.6946113596064256 -3.230232098656071 0.4346478816019902 -0.9316121722114239 -0.050501733991224144 10.0 10.0 4331.398137821427 0.0 1.0 1.0 
-4.183584390369096 2.961672454000909 -3.5771333389177316 0.43588847166499484 -0.9953249579325191 -0.0646560040743575 10.0 10.0 4331.17073614172 0.0 1.0 1.0 
5.554313235659019 -8.955117029933142 -12.353897482111666 0.8407500772506291 -3.009680359627408 -0.5277623347325698 10.0 10.0 4331.17073614172 0.0 1.0 1.0 
4.774251680163533 -12.371528728854619 -1.7295166104243274 0.4142648701434676 -1.6770019575763306 0.3524588080264995 10.0 10.0 4331.410357770319 0.0 1.0 0.9997430780478743 
4.75593594421508 -13.982477363984756 -13.481757125671296 0.8486968215142386 -2.707009423224286 -0.59798637987532 10.0 10.0 4331.410357770319 0.0 1.0 0.9997430780478743 
2.245841638936164 -17.679664767966734 -20.95967109859303 0.6941848641540171 -2.3087269751398485 0.3610731442990422 10.0 10.0 4331.410357770319 0.0 1.0 0.9997430780478743 
0.7843699651891767 -16.255989950643286 -21.524857908580252 0.6989734110213077 -2.453899757942682 -0.004281477612601947 10.0 10.0 4331.392448138094 0.0 1.0 1.0 
4.410990545925749 -16.016321066542 -15.776938956222931 0.9504771130251042 -3.181250273185677 -0.7816634402670026 10.0 10.0 4331.392448138094 0.0 1.0 1.0 
4.26034854019514 -16.319832305561004 -6.942713440956956 0.6603546895070042 -2.1874455283833263 -0.08596930989244404 10.0 10.0 4331.392448138094 0.0 1.0 1.0 
4.398046206831306 -16.33857301865587 -7.265654774685219 0.6592991078781836 -2.3298850751307363 -0.07992592901236172 10.0 10.0 4331.386237913596 0.0 1.0 1.0 
2.796050448700825 -15.637337397629791 -13.805019370698865 0.9679269606916215 -2.858745354440322 -1.0678799082541595 10.0 10.0 4331.386237913596 0.0 1.0 1.0 
3.470535750052072 -14.29231522910391 -12.329876460081447 0.9994184316034829 -3.603713891648214 -0.9641685883428713 10.0 10.0 4331.386237913596 0.0 1.0 1.0 
3.414501322548123 -13.474783626757826 -6.4308104191934445 0.7527981620893732 -2.3882328946281426 -0.5871526692715956 10.0 10.0 4331.396235096134 0.0 1.0 1.0 
4.715345182405033 -15.314801779539783 -14.6393947686382 0.945626771596596 -3.1133830709406163 -0.7989817896844977 10.0 10.0 4331.396235096134 0.0 1.0 1.0 
3.877272280506445 -15.658257507439938 -12.899531348656323 0.8030684392233681 -2.813290181160593 -0.47191466209659805 10.0 10.0 4331.400076679853 0.0 1.0 0.9999148470215449 
3.107383361912186 -17.22759152421007 -17.33673974748388 1.02818274994434 -3.6304675741481334 -0.8649643347221015 10.0 10.0 4331.400076679853 0.0 1.0 0.9999148470215449 
5.776060823867862 -17.058090488808173 -31.07144810370241 1.044787902174774 -3.5325289794083288 -0.3638373758381665 10.0 10.0 4331.400076679853 0.0 1.0 0.9999148470215449 
1.8080331501104607 -17.964310071270084 -17.313521105064904 0.755848093833932 -2.7644123729671266 -0.17757160478543038 10.0 10.0 4331.397510143844 0.0 1.0 1.0 
2.198769793879412 -20.163778657737932 -24.837590677454852 1.0636609165622795 -3.1706732012963528 -0.3272635441808448 10.0 10.0 4331.397510143844 0.0 1.0 1.0 
0.5566188983445948 -17.866738111031207 -9.54852290006106 0.5995720019133611 -1.9967983260172149 0.07042649439115285 10.0 10.0 4331.397510143844 0.0 1.0 1.0 
-1.0365246850635799 -17.44337106318469 -10.14160447613047 0.7177659572394014 -2.3612122235322164 -0.05792657814481929 10.0 10.0 4331.408063857989 1.0 1.0 0.9997807870317751 
-1.013017133882429 -17.520634375583267 -9.834364384830646 0.7028544560067216 -2.2424275800943705 -0.01894721856311063 10.0 10.0 4331.408063857989 1.0 1.0 0.9997807870317751 
2.2128616907348833 -20.79337924825802 -16.861506829017507 0.9378830339440476 -2.6369768659128026 0.006031038211706269 10.0 10.0 4331.408063857989 1.0 1.0 0.9997807870317751 
2.624843770480669 -15.619031707314159 -11.549395583616926 0.824290661931696 -2.4886555490997493 -0.18479218471520892 10.0 10.0 4331.408063857989 1.0 1.0 0.9997807870317751 
3.738401087507571 -16.699424778800495 -11.640594434009834 0.6493604577778175 -2.3467871931797575 0.2007098710305163 10.0 10.0 4331.149450602306 1.0 1.0 1.0 
3.7482573460461945 -16.874199518273034 -11.410177117251845 0.6462403779420732 -2.311118601194112 0.23619348486602448 10.0 10.0 4331.149450602306 1.0 1.0 1.0 
3.205934655881017 -19.086489938012512 -20.160333754058446 0.9680691778844351 -3.6016669558901775 0.2643502249652008 10.0 10.0 4331.149450602306 1.0 1.0 1.0 
1.4677269212519077 -22.89123038437414 -22.299967735557125 0.9657528261159687 -3.2416254914079032 0.2909693503528489 10.0 10.0 4331.149450602306 1.0 1.0 1.0 
4.185171811868905 -23.042330486845593 -22.349156600397322 0.6782699266669112 -2.607378828410467 0.32979296046381323 10.0 10.0 168.7811393420338 1.0 1.0 1.0 
4.133831405508198 -23.037091571463495 -21.698722950955105 0.6548367507035177 -2.3855133513510234 0.3649949989103463 10.0 10.0 168.7811393420338 1.0 1.0 1.0 
4.798848039261797 -0.5552307115996996 -4.566363113169382 0.4721941421938916 -2.4831693556275014 -0.21551210561079068 10.0 10.0 168.7811393420338 1.0 1.0 1.0 
5.726660532518217 1.0846946540084488 -3.8189990268778238 0.49922833782018666 -2.382420557919305 -0.3637637020261367 10.0 10.0 168.7811393420338 1.0 1.0 1.0 
6.479803680189983 1.093601260179357 -2.7828142636224737 0.4746889318991478 -1.9134061418692367 -0.1844311097497585 10.0 10.0 168.7811393420338 1.0 1.0 1.0 
5.3573415019071335 -0.15357735298985573 -2.6181025039010204 0.39928783127704043 -1.5675645508134377 0.2115870152248984 10.0 10.0 168.7811393420338 1.0 1.0 1.0 
5.8165318412021865 -0.12535307662587727 -2.613717481694011 0.4526299456950989 -1.6123101708314491 0.22362185464489323 10.0 10.0 168.7810101872956 0.0 1.0 1.0 
5.6662675253485055 0.16319508663346557 -2.7193732009445037 0.4973294868359501 -1.6612828386886536 0.11636750896184964 10.0 10.0 168.7810101872956 0.0 1.0 1.0 
6.488234430152208 2.924834297901754 -0.0747043992760398 0.3679369789195054 -0.7413187156232763 -0.9286963846264049 10.0 10.0 168.7810101872956 0.0 1.0 1.0 
5.812717477006901 2.787289047681884 -0.9048024909036567 0.38930404919824896 -1.0531076204151706 -1.03251180473148 10.0 10.0 168.7810101872956 0.0 1.0 1.0 
6.339353345486862 3.200983436609509 -1.1128967703400978 0.3815547891400339 -1.1568803382668584 -1.1328311887891969 10.0 10.0 168.7810101872956 0.0 1.0 1.0 
5.011046522870856 0.7676007975761446 -1.0314020750705413 0.23347745151382776 -0.8810488723683731 -0.3192111012653811 10.0 10.0 168.7810101872956 0.0 1.0 1.0 
4.458900504139378 -0.8812374081085224 -0.5487864233787882 0.12778786596118832 -0.4406657180826068 0.3279929001996295 10.0 10.0 168.7810101872956 0.0 1.0 1.0 
6.130634450245484 -1.183614202452291 0.03672866343881788 0.00392991624567416 -0.03746998952708625 0.8390936709378513 10.0 10.0 168.7810101872956 0.0 1.0 1.0 
6.050947840056507 -1.1779125482637884 0.501165582706745 -0.06993090708472373 0.22020717522887964 0.8878597763864969 10.0 10.0 168.7810101872956 0.0 1.0 1.0 
5.748838616379425 -0.9316952714233108 0.9664452506081883 -0.15591864712499462 0.5567866327667342 0.8350606411820916 10.0 10.0 168.7810101872956 0.0 1.0 1.0 
5.826374424876901 -1.321854688742498 -0.6758408691701293 -7.029730501135998e-05 -0.3523317462236588 0.9535995462710146 10.0 10.0 4331.398137821427 0.0 1.0 1.0 
