4.832534479875925 2.086770742623167 1.3879400207646317 0.27875407936867597 0.24049977138891723 -1.0768841441446717 10 10 10 0.7 0.7 0.7 
4.728365834663442 1.954153512480619 1.638891353020158 0.28989682278480644 0.38574986591706273 -0.9766711653971671 10.0 56.09481198367097 10.0 1.0 1.0 1.0 
3.3302839349441085 0.10408014151459843 0.26692609944119544 -0.0031509615399818425 -0.18074332378483499 -0.1578994923950219 10.0 56.06557133017977 10.0 1.0 1.0 1.0 
4.0442232313750495 1.2316725534669153 1.3655942813915334 0.10123127860564482 0.3290669753526565 -0.4803285760303617 10.0 56.88432093664291 10.0 1.0 1.0 1.0 
3.889795139551429 1.2291184761452045 1.2854851505405585 0.10253034130468772 0.31633753191253755 -0.48074743173672974 10.0 61.83684854609127 5000.0 1.0 0.0 1.0 
3.0201740572118996 2.736002092164124 1.8446826307746604 0.49911918550855916 0.8552982509422503 -0.7482000900617936 10.0 61.839466310361374 5000.0 1.0 3.651009069082292e-05 1.0 
3.051499118864753 4.478269342621383 4.074364103769543 0.5709757322188184 1.1599837099235744 -0.9174134121852797 10.0 61.841713963230674 5000.0 1.0 0.0 1.0 
2.9335060441076632 4.588901042339111 3.956681782316472 0.5653934010115983 1.1102228046403146 -0.9407344466185015 10.0 61.865947921654254 2492.824782834674 1.0 0.0 0.0 
3.20281752237012 -4.639746394041548 22.741576826362564 0.6113987364066915 2.4291990511422306 -0.19839804638467098 10.0 61.86309199544352 2492.7617590799055 1.0 0.0 0.0 
3.9515025754817144 -7.307686230678331 28.27533315186601 0.6348046362882523 2.710401706301699 0.139015128452708 10.0 68.1149118483141 2506.8352610946563 1.0 0.0 0.0 
-8.763627421478292 -19.884040223840287 48.00370855612302 0.5052959601165103 3.0841511675649183 0.30392457232828596 10.0 74.90026197087042 2509.3342285674826 1.0 0.0 0.0 
-10.08971374266077 -22.478059661503256 42.38226510610559 0.5156608880253312 3.3013570698502286 0.7196911325895636 10.0 89.75521887413944 2552.2409394476686 1.0 0.0 0.0 
-24.292292521057146 -9.606115536029733 87.0597526930164 0.24264286567598115 3.4053841964748814 0.8373470270554517 10.0 106.39683233458337 2538.4910816322245 1.0 0.0 0.0 
-14.479310103774177 -2.51088951587571 50.449314744534746 0.5203047475928579 3.159692053020024 1.128858360871624 10.0 134.83767736415055 2551.456836351583 1.0 0.0 0.0 
2.1028198778448224 -6.380996318006003 49.94322164621775 0.5321185125580827 3.6996836373237807 1.4784958920690334 10.0 172.5035804533979 2425.75682365177 1.0 0.0 0.0 
-14.224539483416494 -11.680084083412067 82.32858349700354 0.27445583907898197 3.7533208218877814 1.530664696997338 10.0 192.3082917706559 2455.8272593762194 1.0 0.0 0.0 
-20.619002930744873 -9.39444604985299 53.4475205743795 0.3711880103806437 3.845134253374242 1.2901589059973935 10.0 226.74538898970098 2533.7480070583365 1.0 0.0 0.0 
2.6253190521608634 -7.028037995442644 24.647032466380853 0.5160672908856808 2.960601251908372 1.9699908570607 10.0 291.095526289942 2466.6140133020704 1.0 0.0 1.0 
0.6243770076824785 -3.498661891724954 36.45866460696242 0.48276425337627044 3.33769881831723 1.7275023996085956 10.0 641.5720170744667 2486.371153046975 1.0 1.0 0.0 
2.19110531492129 -0.391085148105276 32.30823891238404 0.4008355317532254 1.9193693871966921 0.7289040272020204 10.0 2937.850794244648 2489.3437802195276 1.0 1.0 0.0 
2.3339776911003316 -0.4401073013245516 31.57693282671613 0.4037843236250222 2.049152327419256 0.7609431166434849 5000.0 10.0 2485.325863733329 1.0 1.0 1.0 
5.096485197649959 -2.1590422637857465 9.49289844261625 0.17798537157928174 2.1778667046778137 1.2568963332273464 11.246597055433847 11.244392160318192 2485.3639910569364 1.0 1.0 0.9999121706599895 
4.737748748495024 -1.5613903385273824 3.112247676311047 0.2016614347875638 1.4905716416774866 0.8661930593731456 302.21049042208284 10.0 4426.195873497889 1.0 1.0 0.9977375664707416 
5.310819822592392 -1.9159558136555672 2.5977093676089744 0.24182236947853084 1.2641247987283848 0.9826667782359165 10.016222387044662 10.0 10.0 1.0 1.0 1.0 
4.068596288877285 1.580989643888607 1.554353029133189 0.09293791476131202 0.5512455879788789 -0.39907890622089637 10.0 5000.0 5000.0 1.0 1.0 1.0 
4.814695133099762 1.8698669914914638 1.1081581300175634 0.11485812346992495 0.3997837029075158 -0.6488140852482362 10.0 1025.766681100026 5000.0 1.0 0.37986691802398065 1.0 
4.397281657394403 2.397463863361936 1.9509981239135106 0.15253450026893406 0.7054316136308617 -0.9236198139534034 10.0 519.0067493769288 5000.0 1.0 0.029172669321547245 1.0 
4.736833431843327 2.498264446898935 2.4157815308584087 0.22088059147750472 0.9514273434195807 -1.044208387295369 10.0 338.580527046183 5000.0 1.0 1.0 1.0 
4.728753638153829 2.197984497871866 1.126306478297837 0.18971686815540645 0.4780307502989675 -1.1085909936582141 10.0 259.9312067796794 5000.0 1.0 0.0 1.0 
4.770047560412141 2.330641691383307 1.4912831560966526 0.2238014337568384 0.6102645235263457 -1.153481719366341 10.0 208.6104461013737 5000.0 1.0 0.0 1.0 
4.840831511702731 2.562921541232923 1.7766542186421266 0.26343397448551786 0.6481552675945802 -1.2292460694881362 10.0 178.50536925524463 10.0 1.0 1.0 1.0 
5.366677742164226 2.2603052908751256 0.9751142179893738 0.22229354789057879 0.2538648426801863 -1.2135053709733499 10.0 146.05933090234294 10.0 1.0 1.0 1.0 
5.107015713134924 2.154957800800287 0.676482219160294 0.2086907901851008 0.015886641896654865 -1.1822561078810687 10.0 113.35321904114744 5000.0 1.0 0.0 1.0 
4.51184819089432 2.652027428861032 0.48241569611043955 0.14966338207944743 -0.2616368578823467 -1.3627664630148948 10.0 87.66417380271875 10.02403724230982 1.0 1.0 1.0 
5.274909873412303 2.8575076135596005 -0.8737722744311001 0.08314052447130883 -0.8225668308579474 -1.4462554539300345 10.0 72.25268883506494 10.048625617372156 1.0 1.0 1.0 
4.706612112495948 2.502743196229631 1.1392951551286208 0.21975392446169356 0.16138233767880544 -1.2517765680092676 10.0 63.11964897027897 5000.0 1.0 0.0 1.0 
4.5353602954275205 2.701608729011189 1.0600879950452289 0.2360144170292132 0.16161518712852524 -1.302327560720496 10.0 61.1260646077647 5000.0 1.0 0.9997904122310538 1.0 
