5.260510018746013 -0.22598335385170518 3.1433670241553022 0.41083634380955375 1.1157451801704574 -0.10907696970420909 10 10 10 0.7 0.7 0.7 
5.218563270753273 -0.05282149444123986 3.215856780837912 0.415509846077957 1.1413196264697325 -0.16055700295149988 10.0 137.55323039456897 10.0 1.0 0.9999986991681904 1.0 
2.5639269677565584 3.9894539487968403 3.1988761013977163 0.6599668828738303 1.3817756639812253 -1.2696998649622462 10.0 137.51420310138514 10.0 1.0 1.0 1.0 
4.222400118764202 3.9629535823263757 2.3786166847370733 0.7094110350193488 1.1110732806571157 -1.5501658206452895 10.0 131.66500320542414 10.0 1.0 1.0 1.0 
3.579587825761301 4.308881055452062 2.118187490011978 0.5633673163609244 0.8547534789009407 -1.579060737968461 10.0 80.59668191896941 10.0 1.0 1.0 1.0 
2.1634576914245347 4.4812663149288054 2.16445172425755 0.6708654206362433 1.0628307696853125 -1.2713503864949314 10.0 80.38703406750503 5000.0 1.0 3.8584693161461316e-05 1.0 
-1.6303701003798343 4.534888202100949 5.636266837249571 0.6342195371229583 1.320640054924216 -1.0062750937811924 10.0 80.36197270913621 5000.0 1.0 0.0 1.0 
-2.0895356603325776 3.9858370797986997 5.603355680743604 0.5986308791225725 1.2612263843815938 -0.8918688778252487 10.0 80.45341607889748 2720.208864357258 1.0 0.0 0.0 
4.817277712883218 -3.3881211284122394 21.02504167746112 0.6493110668750562 2.3879258582070144 -0.1496815480705678 10.0 80.47053016834602 2713.475142587148 1.0 0.0 0.0 
-4.398781551591361 -14.060455029199423 37.8450156310888 0.5968275278246772 2.5109307641542213 0.25930277545550456 10.0 84.1580998712722 2750.077325980632 1.0 6.4106051627559404e-06 0.0 
-0.4172213350356362 -11.351025295518495 43.992626569039615 0.5514330020569235 2.614915669793333 0.4257373065939748 10.0 100.49055112827351 2790.6936413952712 1.0 0.0 0.0 
-6.788731239270136 -17.16866304408957 39.29545705962946 0.5953193387753728 3.090803917776944 0.5057752932433004 10.0 116.88954534195075 2748.8910740768915 1.0 0.0 0.0 
-20.14379338784823 -16.694439172541976 45.10652865106597 0.4915964924006882 3.3267925790244393 0.7095953092311904 10.0 140.08921489853188 2704.5273683267797 1.0 0.0 0.0 
-9.563573179059233 -14.676787569071214 48.75169679636915 0.5087880740798145 3.0946660239061434 0.9975731047710524 10.0 187.88640463475662 2809.2938639110944 1.0 0.0 0.0 
-19.00582126955282 -13.83278443206277 48.56195987094169 0.536271106715902 3.151068572763561 0.9770836697003981 10.0 248.45024765486693 2722.4263538143673 1.0 0.0 0.9993848354150113 
1.131405300619836 -11.915662498032457 20.654528199102963 0.6579067990559425 2.9602247566335174 1.4021288499713571 10.0 313.55267503930804 2751.776050783543 1.0 0.0 1.0 
1.2347198038995522 -6.645919560119097 14.692529530123776 0.6661175142189448 2.843504285542412 1.6929364123502553 10.0 518.6975076102175 2660.160974204244 1.0 1.0 0.0 
5.249801632964479 -5.071427198276922 9.983710290044343 0.5747010826098212 2.0207188733684864 1.1108427304032245 10.0 1253.1025830046071 2693.645589842886 1.0 1.0 0.0 
4.360955104327768 -4.864463220420133 9.189881376320256 0.5315608008176905 2.0921181564685467 1.0839245334324286 10.057706266685678 10.0 2722.0659916713585 1.0 1.0 1.0 
4.106504881420953 -0.5281252501061604 4.786044487462802 0.37933238190260227 2.255739228034126 0.14011015510533692 5000.0 10.0 2722.386202758916 1.0 1.0 0.0 
4.313886044001519 0.8126495287935795 4.697371107604574 0.4477082814655979 2.115717362375949 -0.20740810258695092 3430.0159655825605 5000.0 5000.0 1.0 1.0 1.0 
4.899602463227454 1.9424508737205979 1.2239939270954185 0.26829641029092194 0.5473233171020414 -0.969587862004598 4382.364088551443 10.0 5000.0 0.927986967787717 1.0 1.0 
4.633167678513527 2.4548328916656312 1.9862356225980975 0.2699838557212239 0.7408026770529732 -1.168063829817982 10.0 1557.1666453992923 5000.0 1.0 0.99999987614161 1.0 
4.738380030117905 2.5003026173470313 2.8586861948790956 0.28337026746533445 1.032411366571212 -1.1828060043534994 10.0 622.7089771150177 5000.0 1.0 0.0 1.0 
4.63595984472911 2.8227758039251447 2.397004784016501 0.314657838275006 0.875458802533056 -1.2969506319037396 10.0 392.83536678394654 10.0 1.0 1.0 1.0 
4.888444059534331 2.6110457508709057 1.414049184358911 0.2413992505612213 0.44296377296385725 -1.3022832927199763 10.0 258.4099393611838 10.0 1.0 1.0 1.0 
5.045444422112996 2.5346300656680043 1.075098755978615 0.24528592622022075 0.3022977510568625 -1.25815237911672 10.0 190.51583157552164 10.0 1.0 1.0 1.0 
4.3983288632619795 3.1910992922757164 1.4144445724627708 0.26238252249056554 0.38410854511565395 -1.445170870636519 10.0 155.04957420844846 10.0 1.0 0.9999985246233948 1.0 
4.76248598237574 2.6249020440092314 0.9195046223014404 0.21487846048193343 0.08974915925940564 -1.2953069625566969 10.0 131.7657030746386 10.0 1.0 1.0 1.0 
4.744856147718556 2.9604448198300366 1.141874344420918 0.22815193833124695 0.1973003416972432 -1.393364767909889 10.0 115.50167796286985 10.0 1.0 1.0 1.0 
4.749172649165087 3.7143585283051213 0.25734200793950257 0.19386057352725417 -0.20025794336966488 -1.6469234757523974 10.0 106.39501467211083 10.0 1.0 1.0 1.0 
3.7932483831588795 3.587832656284822 0.29440012284158085 0.15955226384132462 -0.2586541383184491 -1.6162357979065227 10.0 95.62952440593828 10.0 1.0 1.0 1.0 
4.509234464727785 4.161634990815059 0.5528600837930623 0.18091946910265044 -0.2047850037237125 -1.7914710219112138 10.0 84.15326073533113 10.0 1.0 1.0 1.0 
4.30551781695431 3.6161291609781503 1.2473426119202526 0.32007689926847027 0.28934174603861007 -1.5267602968462346 10.0 80.73113315935743 5000.0 1.0 0.0 1.0 
4.5835228609764 2.9742637318865466 1.3223259152550715 0.29849937684327527 0.292331162239662 -1.346725745884357 10.0 79.40589740994938 10.0 1.0 1.0 1.0 
4.678162764638898 2.9942831450397085 1.4764023381033649 0.30466258008268404 0.34526233842120274 -1.3527620431025855 10.0 79.39909568534613 10.0 1.0 1.0 1.0 
