5.717543366129805 -0.673568913201201 -0.87634480264677 0.09862037694476489 -0.5308812919033623 0.6543722468988118 10 10 10 0.7 0.7 0.7 
4.37947204235686 -2.7754120289758193 -1.7665707581596517 0.33410032130238065 -1.2156926750260093 1.3473192759151036 10 10 10 0.7 0.7 0.7 
4.37947204235686 -2.7754120289758193 -1.7665707581596517 0.33410032130238065 -1.2156926750260093 1.3473192759151036 10 10 10 0.7 0.7 0.7 
5.6139433387888795 -3.0959795562236887 -1.6748328925328355 0.3746601498857544 -1.3598155131469778 1.4523070275056107 10 10 10 0.7 0.7 0.7 
5.6139433387888795 -3.0959795562236887 -1.6748328925328355 0.3746601498857544 -1.3598155131469778 1.4523070275056107 10 10 10 0.7 0.7 0.7 
5.6139433387888795 -3.0959795562236887 -1.6748328925328355 0.3746601498857544 -1.3598155131469778 1.4523070275056107 10 10 10 0.7 0.7 0.7 
4.234502654333573 -3.1464041511536367 -2.212180372829056 0.3218594315203057 -1.2910986939660558 1.4501676902294203 10 10 10 0.7 0.7 0.7 
4.234502654333573 -3.1464041511536367 -2.212180372829056 0.3218594315203057 -1.2910986939660558 1.4501676902294203 10 10 10 0.7 0.7 0.7 
4.234502654333573 -3.1464041511536367 -2.212180372829056 0.3218594315203057 -1.2910986939660558 1.4501676902294203 10 10 10 0.7 0.7 0.7 
4.091676961255014 -3.0551776164766284 -1.864927878119225 0.3502181376385359 -1.2264870338771392 1.4527272256232218 10 10 10 0.7 0.7 0.7 
4.091676961255014 -3.0551776164766284 -1.864927878119225 0.3502181376385359 -1.2264870338771392 1.4527272256232218 10 10 10 0.7 0.7 0.7 
4.091676961255014 -3.0551776164766284 -1.864927878119225 0.3502181376385359 -1.2264870338771392 1.4527272256232218 10 10 10 0.7 0.7 0.7 
4.69771121719474 -3.405080584957644 -1.9098203730043337 0.362586953413893 -1.2935456657328388 1.5599160700850732 10 10 10 0.7 0.7 0.7 
4.69771121719474 -3.405080584957644 -1.9098203730043337 0.362586953413893 -1.2935456657328388 1.5599160700850732 10 10 10 0.7 0.7 0.7 
3.4858640768864233 -3.801070720257992 -2.4375844360515724 0.32591254804569614 -1.3117632968615538 1.6725693311629661 10 10 10 0.7 0.7 0.7 
3.4858640768864233 -3.801070720257992 -2.4375844360515724 0.32591254804569614 -1.3117632968615538 1.6725693311629661 10 10 10 0.7 0.7 0.7 
2.7408731518623126 -4.091671612776114 -3.196562926507284 0.3566334662354709 -1.6708676980853712 1.788073892686906 10 10 10 0.7 0.7 0.7 
3.8062361051276867 -3.8021726007538916 -2.4002497167970205 0.3477634404535592 -1.412522833984583 1.6880510262845492 10 10 10 0.7 0.7 0.7 
3.2845150750842556 -3.8187182780736606 -2.4215928326880083 0.3504915311058192 -1.392355141395944 1.6692076948782126 10 10 10 0.7 0.7 0.7 
4.123900188824504 -2.4382485392984576 -2.324427311558921 0.3056037021686597 -1.2700868670609968 1.1693459678521974 10.0 10.0 168.78113349629413 0.0 1.0 1.0 
6.977193569307075 2.332235334581111 -1.4852252960566705 0.2685933756223106 -0.8945116226868784 -0.5131031874827301 10.0 10.0 168.78113349629413 0.0 1.0 1.0 
8.019214789606274 2.5523424088772084 -0.588900784723546 0.18913137295919982 -0.46697066494832495 -0.575084503135436 10.0 10.0 168.78113349629413 0.0 1.0 1.0 
6.365174285030182 1.6799019027034647 -1.319684064970112 0.2011472356785744 -0.7044503623042229 -0.2747382992605258 10.0 10.0 4331.401264901235 0.0 1.0 0.999893264905689 
3.9302661103843493 0.2486053471866223 -2.526866774452176 0.3983115751665415 -1.2863715040333639 -0.04934544677960487 10.0 10.0 4331.401264901235 0.0 1.0 0.999893264905689 
-2.415655791200756 -0.17122436701888644 -3.1249644911519563 0.44234560429148856 -0.8495208470736474 -0.08050285469382935 10.0 10.0 4331.401264901235 0.0 1.0 0.999893264905689 
2.7808284563243553 0.49825079386185334 -4.151439790415887 0.39844635006022794 -1.084416963480602 0.10578346826503408 10.0 10.0 4331.399072458431 0.0 1.0 1.0 
8.023815816768765 -0.7351048904535056 -28.09513246270872 0.7539686876236956 -2.9089915499441084 -0.316233120583356 10.0 10.0 4331.399072458431 0.0 1.0 1.0 
7.748029742320654 -4.759933363310771 -25.834636610602573 0.8551792971124297 -2.9167411304129214 -0.680017913826925 10.0 10.0 4331.399072458431 0.0 1.0 1.0 
5.4824777953181165 -6.8508811224838615 -16.891915604071574 0.5438059160649311 -1.833140713714542 0.2422905264860494 10.0 10.0 4331.39941309005 0.0 1.0 1.0 
6.2195694182614645 -4.799536218053946 -30.979232519344897 0.8706168551373641 -2.811978272269853 -0.8864436826369769 10.0 10.0 4331.39941309005 0.0 1.0 1.0 
4.464619739998201 -8.954583816065604 -27.478576137850165 0.7081748589454463 -2.2694949714376644 -0.18443573899775437 10.0 10.0 4331.39941309005 0.0 1.0 1.0 
4.016089490449622 -8.829045893716927 -27.4654187515121 0.7089874302804338 -2.42112033815196 -0.25828304871187796 10.0 10.0 4331.383872224427 0.0 1.0 1.0 
4.017211543870182 -8.755837162011998 -27.42256861205745 0.7126527104840408 -2.412662959698375 -0.26703675558112855 10.0 10.0 4331.383872224427 0.0 1.0 1.0 
4.6355819798696425 -7.609842596080113 -33.608201353679284 0.9217590061244357 -2.625184979995761 -0.8146225196370026 10.0 10.0 4331.383872224427 0.0 1.0 1.0 
3.276983205691528 -9.670960047168482 -38.543923410181385 0.8632022639242889 -2.4888349404852734 -0.3490642002611984 10.0 10.0 4331.383872224427 0.0 1.0 1.0 
-0.5958076808232279 -9.033163025990872 -34.99080509413697 0.7962386717788081 -2.5144981278449876 -0.45245914917969887 10.0 10.0 4331.316198589648 0.0 1.0 1.0 
6.2744904165265885 -8.026157603238321 -32.43907431637521 0.9930866572689223 -3.1896519917376205 -0.6626057245567302 10.0 10.0 4331.316198589648 0.0 1.0 1.0 
8.117035892402228 -8.795575080823113 -18.84408824734704 0.8059206660387822 -2.307655377783224 -0.3365046990831419 10.0 10.0 4331.316198589648 0.0 1.0 1.0 
7.403096564147676 -9.298354801897668 -13.475921202916197 0.7750927308737937 -2.443874755987403 -0.35907459790180213 10.0 10.0 4331.401846925602 0.0 1.0 1.0 
4.1696608472311825 -9.722701477016088 -27.82610728089828 1.0325413743698295 -3.5947701019225113 -0.5332932288885951 10.0 10.0 4331.401846925602 0.0 1.0 1.0 
-0.5832923859560701 -9.481781037091237 -30.787386693616302 0.8428220463406402 -2.5635298211406554 -0.49603255088436443 10.0 10.0 4331.401846925602 0.0 1.0 1.0 
-1.6584713565633997 -10.13210660891984 -33.491792502428574 0.8985554941820729 -2.9772163509022485 -0.36701177010385705 10.0 10.0 4331.329356976747 0.0 1.0 1.0 
4.47972272660133 -8.601981718422811 -36.2247276836574 1.0638219036284278 -3.674156443964828 -0.7699563727422164 10.0 10.0 4331.329356976747 0.0 1.0 1.0 
4.28705217366349 -10.112121392420114 -39.81643042286094 1.0346865881947105 -3.776725643059342 -0.4110041498873227 10.0 10.0 4331.329356976747 0.0 1.0 1.0 
3.7536956704212874 -9.177595320177861 -21.341888017967054 0.6924276646812253 -2.422187093173359 -0.26454512348159753 10.0 10.0 4331.395653949453 0.0 1.0 1.0 
6.838897418473938 -10.083847073505549 -28.147367580256017 1.0178246241976665 -3.027969904796265 -0.40971995380777776 10.0 10.0 4331.395653949453 0.0 1.0 1.0 
4.564158212388496 -10.15648880504883 -28.56292257572233 1.044155694289617 -3.547033769332194 -0.40510218732886555 10.0 10.0 4331.395653949453 0.0 1.0 1.0 
4.393888553222723 -9.94136662154643 -12.616694278297738 0.7600543994137869 -2.1134138662433335 -0.2464141198898327 10.0 10.0 4331.418459935233 1.0 1.0 0.999603965270095 
4.300394658182208 -9.881997747657675 -12.638616521849803 0.7632263309056994 -2.150716296259584 -0.27679938833567325 10.0 10.0 4331.418459935233 1.0 1.0 0.999603965270095 
6.245710569894163 -11.040986768301451 -33.2704052785294 1.110098409685619 -4.045894703114915 -0.147971958473189 10.0 10.0 4331.418459935233 1.0 1.0 0.999603965270095 
6.0391720158544775 -11.121105816427484 -27.893422262785194 0.8905832583681781 -2.376038753033168 -0.03745934779325877 10.0 10.0 4331.418459935233 1.0 1.0 0.999603965270095 
7.244506462152412 -11.666913013956062 -26.896470270703585 0.7253902104786537 -2.313211064050608 0.19386377559999768 10.0 10.0 4331.389552434675 1.0 1.0 1.0 
5.044963730763687 -11.14600682028207 -28.944372636582195 0.8833074636241236 -2.187980200548146 0.3199537350729753 10.0 10.0 4331.389552434675 1.0 1.0 1.0 
5.076199539594659 -10.53796054174692 -27.29133023415255 0.8346911068273595 -2.3168668730057087 0.02281266195288028 10.0 10.0 4331.389552434675 1.0 1.0 1.0 
5.180369944807344 -10.682326463041937 -27.014118956035027 0.7190786300789656 -2.242924181895941 0.1365410972112954 10.0 10.0 168.78112759769633 1.0 1.0 1.0 
6.4389182300028365 1.8036814740304352 -3.0878352872247414 0.5456823425203642 -2.1431182795947663 -0.5667635248119163 10.0 10.0 168.78112759769633 1.0 1.0 1.0 
6.775500269781803 0.8865269925915544 -2.2885354105464444 0.47618992360535495 -1.692217436115222 -0.11877691977816701 10.0 10.0 168.78112759769633 1.0 1.0 1.0 
5.284765979444639 0.4496293268985101 -2.7604979841308377 0.5279067295422226 -1.8012010626840274 -0.17636789780052417 10.0 10.0 168.78112759769633 1.0 1.0 1.0 
5.60463291219803 0.7012486698138021 -3.271038177025361 0.6110185178636247 -1.9848172771775192 -0.21656021188397212 10.0 10.0 168.78113349629413 0.0 1.0 1.0 
6.028402972338306 3.0140604713693833 -0.9165266551638248 0.37749369432521607 -1.089965545994423 -1.090832813063962 10.0 10.0 168.78113349629413 0.0 1.0 1.0 
6.283054162762547 2.703409951709284 -1.7572656785011656 0.37925207872928657 -1.3715221153317736 -0.9795752342821424 10.0 10.0 168.78113349629413 0.0 1.0 1.0 
4.598126187717934 -0.4733934722626534 -2.0625126279147095 0.21607642203764924 -1.1487815363247966 0.06144141290694855 10.0 10.0 168.78113349629413 0.0 1.0 1.0 
4.675254374193241 -1.3641343747191779 -1.1428771096885053 0.1385420859558932 -0.6080302804773269 0.5160475297668774 10.0 10.0 168.78113349629413 0.0 1.0 1.0 
5.278175964610611 -0.9667452266623707 -0.034828763010394614 0.04588043582070818 -0.13056500550647093 0.659913747833476 10.0 10.0 168.78113349629413 0.0 1.0 1.0 
5.873770893125632 -1.1953343783453387 0.609364639936597 -0.0047327338361265745 0.17056374122336493 0.8446598524934756 10.0 10.0 168.78113349629413 0.0 1.0 1.0 
5.6773635150104695 -0.9073763034294802 0.8991669963661446 -0.0924728090897148 0.41252705119641886 0.7968166399605967 10.0 10.0 168.78113349629413 0.0 1.0 1.0 
5.959374017631298 -0.771269617446133 -0.4578213134994887 0.04848040820068496 -0.33947717811955447 0.7345224180436976 10.0 10.0 168.78113349629413 0.0 1.0 1.0 
5.749232314071847 -0.8555145006097886 -0.8528359238384656 0.06695435623969892 -0.47873989063981526 0.748664314409402 10.0 10.0 4331.401264901235 0.0 1.0 0.999893264905689 
