4.629077745414388 1.4627849342527057 -0.015037601920778246 0.18154850826324798 0.4946756068603248 -0.7258769974567209 10 10 10 0.7 0.7 0.7 
3.8000929170684885 1.960822060461476 -1.19565006006481 0.03817064869454534 -0.042317747413291425 -0.7232521873999193 10 10 10 0.7 0.7 0.7 
3.508861362198793 2.3506228115458048 -0.6908323929438798 0.019526665344146536 0.06624008340300011 -0.7774866276937706 10 10 10 0.7 0.7 0.7 
3.8940380980257054 2.1883575840130636 0.345531766114393 0.0349933534112472 0.3537947909635595 -0.8321080133099178 10 10 10 0.7 0.7 0.7 
3.8048911390046514 2.125356633678966 -0.5122090664946506 -0.043793139542263215 -0.030074973130298437 -0.7958873107349356 10 10 10 0.7 0.7 0.7 
3.5418476565944155 2.2051223880380584 -1.9162276483971932 -0.13451701842382238 -0.4393152939467679 -0.7626622624882198 10 10 10 0.7 0.7 0.7 
2.7238794823788717 1.4094277605599388 -2.692966127207753 -0.16836082215881604 -0.721917447517194 -0.45711409322123436 10 10 10 0.7 0.7 0.7 
2.7238794823788717 1.4094277605599388 -2.692966127207753 -0.16836082215881604 -0.721917447517194 -0.45711409322123436 10 10 10 0.7 0.7 0.7 
2.7238794823788717 1.4094277605599388 -2.692966127207753 -0.16836082215881604 -0.721917447517194 -0.45711409322123436 10 10 10 0.7 0.7 0.7 
3.4582163544925484 1.477611227560641 -1.5091850016952704 -0.11290175711156682 -0.3479759831604613 -0.6232595654775835 10 10 10 0.7 0.7 0.7 
3.4672245090942786 2.138611094897099 -2.0184748910983696 -0.08080271057951674 -0.4769087470385249 -0.8197619174591615 0.0 51.17819773101988 0.0 1.0 1.0 1.0 
3.43383272239339 2.14394737621272 -1.6875077113767543 -0.07745158120173878 -0.3684460370257416 -0.8384637260191217 0.0 51.19429612700505 0.0 1.0 1.0 1.0 
2.894722864813179 3.2332325244146136 -1.256388775327447 0.342360954524517 -0.015529923089055967 -1.221429813381045 0.0 51.18384020581606 0.0 1.0 1.0 1.0 
1.7853675026823868 4.216973638717209 -0.8200012810774999 0.4045341654334856 0.029891132625471988 -1.485523273880533 0.0 51.21121109337136 3982.0644020772024 1.0 1.0 1.0 
-2.904048310786076 7.562730931256707 8.147809278038858 0.29628186677265733 0.12937608136701642 -1.545231558829851 0.0 51.186813538092466 1558.0816402928792 1.0 1.0 1.0 
-4.8805430114979185 7.969775661709328 8.700514415918006 0.3535003093471979 0.28444774711268767 -1.5390100697531124 0.0 51.21897898602574 1125.7423126702563 1.0 1.0 1.0 
15.546122702279542 10.498638829127145 24.507913546619477 0.3357683295455683 0.9726076749282332 -1.5006399521091849 0.0 51.21763206762482 1123.7587186788962 1.0 1.0 1.0 
17.219798469138805 12.19817297507631 27.34133164099988 0.3857691261899783 1.0787079785399607 -1.250555196553424 0.0 54.090572778067475 1122.848542166817 1.0 1.0 1.0 
15.448552585509232 12.869911754833755 24.515612542918362 0.39601099738223133 1.0655157671037903 -1.5585567409081498 0.0 63.07826532515129 1123.047692299588 1.0 1.0 1.0 
16.994011593346436 13.781056013341548 26.968839349615738 0.4191461420633198 1.2188754425986383 -1.594247059773191 0.0 71.72851926779991 1123.6303701168822 1.0 1.0 0.0 
16.369440530083146 10.204519859892548 25.905663529560588 0.38572804642663167 1.1331308675430023 -1.3864466266844813 0.0 79.95170631708406 1124.8234773064496 1.0 1.0 1.0 
16.628550674803734 10.885589873756206 24.942121486630498 0.42671149949209053 1.464174436016718 -1.4734445693570883 0.0 91.97918658487646 1121.4610965377515 1.0 1.0 1.0 
18.180214436585594 6.004713455464294 24.77971782770852 0.416049819188377 1.7120630755399942 -1.468335107696053 0.0 109.87966385276142 1122.5155147312691 1.0 1.0 1.0 
19.8163284641814 5.859865198323381 25.932663863015733 0.4008641014553428 1.7229191634273766 -1.2320421996158912 0.0 131.49241373876052 1119.114569705071 1.0 1.0 1.0 
24.69669524530837 7.730389043036946 41.67373840436723 0.42619378223492055 1.9869430623395474 -1.08565429941851 0.0 199.85695377616005 1119.8062797671298 1.0 0.4159673014568219 1.0 
25.160135836460903 12.803223529151836 49.61218764999014 0.4789447087444256 2.103862224016386 -1.0808928959969955 0.0 251.38462293332398 1129.2521491017546 1.0 1.0 0.0 
22.110289131021652 11.408759553699483 38.89357066132247 0.46517666151833315 1.896677707670908 -1.2981301000104557 0.0 705.403497205925 1126.0348943152478 1.0 1.0 1.0 
18.92395886797235 13.867416179217308 29.615785552524308 0.36651362266709303 1.4745062961215831 -1.0772294483424818 0.0 2484.4719122489105 1121.4888687329244 1.0 1.0 0.00019780339935332556 
18.261692618720126 13.949587480139877 28.907666899531804 0.3698897185672146 1.3458930793972013 -1.0682494715351796 201.57950627758072 0.0 1122.8501889506413 1.0 1.0 1.0 
20.83700831072639 7.704543724378333 16.295381513928522 0.002386111168316042 0.8866140649349418 -0.7123622567990227 5000.0 0.0 1122.4255321810458 1.0 1.0 0.999937156153082 
6.314949751325184 0.8730314505588126 0.6850450010162494 -0.0314825625389861 0.8006809586137996 -0.6058810352178108 1437.0003630439546 266.7865573416551 1501.9925694984177 1.0 1.0 1.0 
4.636411881419239 1.0106230471583024 0.2111563864259544 0.08586915293321293 0.5061756007223389 -0.5678393764499802 617.1104850392146 0.0 3422.934603887113 1.0 1.0 0.987549957840356 
5.037098887873224 0.9204301816963795 0.045402137283569004 0.09016926413168715 0.5481071875324053 -0.5614877590598248 206.7700130878531 0.0 5000.0 1.0 1.0 1.0 
4.242343098646271 1.6438145148214593 0.49145318344482736 0.09914676020321869 0.4638750443629137 -0.64268047869147 166.46626224303898 0.0 5000.0 1.0 1.0 1.0 
4.276124840311368 1.2234298049135963 -0.3075602113964203 0.1471654075696433 0.4035598463692107 -0.5896332099031385 0.0 1554.3928262090226 5000.0 1.0 0.26285294791930536 1.0 
