5.215275744046903 -1.2935156039945397 -0.895974903346769 0.019743991797885708 -0.35167587772044107 0.7973564400379056 10 10 10 0.7 0.7 0.7 
5.242292099720769 -1.1326865194757207 -1.0029589943316688 0.02160447532664974 -0.37556229567463845 0.7502318509356405 10 10 10 0.7 0.7 0.7 
5.242292099720769 -1.1326865194757207 -1.0029589943316688 0.02160447532664974 -0.37556229567463845 0.7502318509356405 10 10 10 0.7 0.7 0.7 
5.143271892643501 -0.7285901341288039 -1.4360529388909906 0.09044195089269799 -0.6407189963797899 0.5801686214265305 10 10 10 0.7 0.7 0.7 
5.175755610848793 1.2342287133747558 -3.7205677402131823 0.44641123625900986 -1.7632706015063306 -0.14615107765168509 10 10 10 0.7 0.7 0.7 
4.966283929607488 0.4928015503856912 -3.4937287126781302 0.572699460773125 -1.9642549917382375 0.013569433558641894 10 10 10 0.7 0.7 0.7 
5.00312404730384 0.6441709802053399 -3.523053632243244 0.6480819210712244 -2.081283560842442 -0.11048507443482551 10 10 10 0.7 0.7 0.7 
5.00312404730384 0.6441709802053399 -3.523053632243244 0.6480819210712244 -2.081283560842442 -0.11048507443482551 10 10 10 0.7 0.7 0.7 
5.065732364677139 0.17020727857743545 -3.2541199456059062 0.5170568118558514 -1.8270133835543525 0.10613389681904842 10 10 10 0.7 0.7 0.7 
4.964754954498947 -0.40044555649997515 -3.2881912591113003 0.48426121829015867 -1.8360947224203823 0.28513190902714325 10.0 10.0 647.1254318812802 0.0 1.0 1.0 
5.199804745285446 0.0493976751717551 -2.911557707664451 0.46230176640325593 -1.6870169890192181 0.16258325184255012 10.0 10.0 647.1254318812802 0.0 1.0 1.0 
5.5319056457989255 -2.351428836523203 -1.9085324881534091 0.15743017058217357 -1.2400310730660198 1.1748765830260655 10.0 10.0 647.1254318812802 0.0 1.0 1.0 
5.846161404127224 -2.975889769570216 -1.2976711072419007 0.06513446738692703 -1.0034741442142718 1.4935863339498117 10.0 10.0 647.1254318812802 0.0 1.0 1.0 
6.007732840017622 -2.9619700011864287 -1.227972591919439 0.04040552748050835 -0.9668699270659014 1.4956078037243712 10.0 10.0 647.1254318812802 0.0 1.0 1.0 
5.7612718743803235 -3.5215803026808246 -0.8993123969425662 -0.004612458660748525 -0.8169806366586518 1.6788420095996757 10.0 10.0 647.1254318812802 0.0 1.0 1.0 
5.585701605933084 -3.963476493786254 -0.5861848182815126 -0.04796325091262952 -0.6400755354893216 1.8263874697527214 10.0 10.0 647.1254318812802 0.0 1.0 1.0 
4.8724796994959085 -4.7559172512843215 -0.218724924011448 -0.1022827377701156 -0.3996836097263176 2.0407072988568022 10.0 10.0 647.1254318812802 0.0 1.0 1.0 
4.475849995273825 -5.492211378663304 0.2928778606330694 -0.13880637362093864 -0.10777157763648819 2.2568349073086478 10.0 10.0 647.1254318812802 0.0 1.0 1.0 
4.17546499712694 -5.752824134518562 0.8634513591024694 -0.1603432492401652 0.23082234345156757 2.349785348364396 10.0 10.0 647.1254318812802 0.0 1.0 1.0 
4.022972065284989 -5.988918145525076 1.0608482477426602 -0.17351988236547308 0.35569726998847784 2.429277575223071 10.0 10.0 647.1254318812802 0.0 1.0 1.0 
4.2820056411975385 -6.016448110486116 1.681263901183005 -0.20251214814009866 0.5961015536400261 2.435456682078875 10.0 10.0 647.1254318812802 0.0 1.0 1.0 
3.95593624782238 -6.545396710466453 2.1811259116031483 -0.19667253923951666 0.7953036102622343 2.55849615922154 10.0 10.0 647.1254318812802 0.0 1.0 1.0 
3.260487133216308 -6.217237684294196 0.9949943616278882 -0.12256347657630098 0.4039216562409552 2.4351790091978254 10.0 10.0 647.1254318812802 0.0 1.0 1.0 
4.541554530504886 -3.1753046476984936 -0.32545041982632517 0.020248422541298154 -0.19191076547264815 1.4286149876325471 10.0 10.0 5000.0 0.0 1.0 1.0 
3.035098567696495 -2.2323564741485433 -1.546423077640702 0.1920236089308121 -0.7965457666774366 0.8982248244121513 10.0 10.0 5000.0 0.0 1.0 1.0 
2.989766110379493 -4.3204834711152 0.06380631644517833 0.17720460199707308 -0.3742733587767285 1.5110196145324102 10.0 10.0 5000.0 0.0 1.0 1.0 
2.186678823108583 -5.599459346850703 1.1686723790460687 0.13637634331308068 -0.061828321689582647 1.8809271624075152 10.0 10.0 5000.0 0.0 1.0 1.0 
2.791217961917234 -3.1716283291488825 -1.6692337981295975 0.11335912199543938 -0.5634859538060918 1.2699021978511185 10.0 10.0 5000.0 0.0 1.0 1.0 
2.2840051012166662 -3.781914633152146 -1.1921986825848658 0.0948977122911644 -0.3896498612329436 1.4527271507698583 10.0 10.0 5000.0 0.0 1.0 1.0 
3.9211179420186544 -9.66303494685796 -7.893385120748778 0.14534281515700323 -0.12016880849911163 1.9292013380788833 10.0 10.0 5000.0 0.0 1.0 1.0 
4.703354877066131 -8.45835301257877 -10.915111049468273 0.16657923612347267 -0.6160806885694814 1.2568246812616135 10.0 10.0 5000.0 0.0 1.0 1.0 
8.400392218381258 -16.181383864062393 -18.88043045636251 0.2137197925736539 -0.19942665557212452 1.6222128800432967 10.0 10.0 5000.0 0.0 1.0 1.0 
7.5008523523620125 -15.217657754388997 -19.315959729709324 0.19301197823560576 -0.4201033476924998 1.3585080241198988 10.0 10.0 5000.0 0.0 1.0 1.0 
9.684824568668702 -20.169344323901605 -24.02321414942279 0.18732050418890756 -0.2619186476593608 1.7447110918970778 10.0 10.0 5000.0 0.0 1.0 1.0 
9.631795108118087 -23.06181020262635 -29.072326260304703 0.26299348910696235 -0.30388082847921405 1.612687796696214 10.0 10.0 5000.0 0.0 1.0 1.0 
10.384368872525242 -27.81546713476258 -33.82325399787678 0.3344019440366713 -0.25422321795872205 2.4708950037735082 10.0 10.0 5000.0 0.0 1.0 1.0 
10.670936209423921 -31.78079175296719 -38.68075558331296 0.2815294934236395 0.08918474663664556 1.833030698499733 10.0 10.0 5000.0 0.0 1.0 1.0 
9.055615917003939 -30.32631609860999 -36.709738933273016 0.31101051939095775 -0.3042048952259557 1.7640683141244111 10.0 10.0 5000.0 0.0 1.0 1.0 
10.366054671562884 -33.0873338620574 -42.77623814230871 0.397603708026675 -0.04137647360636138 1.487918912080072 10.0 10.0 5000.0 0.0 1.0 1.0 
11.158497820589337 -39.15605164126138 -45.83514406812881 0.4702672307804894 0.1354129140270821 2.7137139848305676 10.0 10.0 5000.0 0.0 1.0 1.0 
-0.2515518785550508 -44.72872204028459 -48.95462772511224 0.5017287719871736 -0.5481181670617931 2.9139417784350314 10.0 10.0 5000.0 0.0 1.0 1.0 
3.437569671406511 -29.778816676773683 -12.626629388235225 0.09903557493987361 0.06017808527684237 1.84775971732569 10.0 10.0 5000.0 0.0 1.0 1.0 
5.569131151630468 -35.63973468715156 -20.02301546574227 0.23746603376178094 0.25470248291338765 2.3835538201388693 10.0 10.0 5000.0 0.0 1.0 1.0 
4.796173938023977 -28.864573518661608 -15.255468618638105 0.23278819330277642 0.14182283701182596 2.45192343642542 10.0 10.0 5000.0 0.0 1.0 1.0 
2.490354805642584 -22.933622219950273 -12.281544475669438 0.18743425132591143 0.12512336083612932 1.7580093490724615 10.0 10.0 5000.0 0.0 1.0 1.0 
6.221226335972354 -31.4636356090572 -24.52688896607494 0.3211450982663785 0.33766096136791607 2.52449631090967 10.0 10.0 5000.0 0.0 1.0 1.0 
7.001815580409547 -29.264428457795013 -25.98738501388038 0.3200944045659841 -0.40637383438235347 1.9378445139429339 10.0 10.0 5000.0 0.0 1.0 1.0 
8.027597930289817 -34.73131530751178 -31.56690365274174 0.38453613952474736 0.22251115361948798 2.587034161369752 10.0 10.0 5000.0 0.0 1.0 1.0 
7.7117395042232255 -32.77596247993789 -30.505994467126285 0.3381364427643051 -0.17923688169809376 2.1234937451669844 10.0 10.0 5000.0 0.0 1.0 1.0 
9.4653999388456 -42.300136126664235 -42.472697591171105 0.5283228438183326 0.012433725758938884 3.0935906121593106 10.0 10.0 5000.0 0.0 1.0 1.0 
10.283217990985154 -39.53698079701285 -41.019793339071576 0.31119294574670997 -0.2737328898164808 2.063714777614244 10.0 10.0 5000.0 0.0 1.0 1.0 
12.132116556844492 -45.59765502183015 -46.88700730101935 0.5508092069249076 0.2509542949272331 2.737760071619392 10.0 10.0 5000.0 0.0 1.0 1.0 
11.224412489942647 -49.03765526337011 -51.46941684115871 0.6751240435300793 -0.10754916294392357 3.208839482678461 10.0 10.0 5000.0 0.0 1.0 1.0 
2.1689682747880625 -5.4544359096680815 0.07419241867732879 0.15422829269218544 -0.35140615804418934 2.1644327984523133 10.0 10.0 5000.0 0.0 1.0 1.0 
2.588671993600525 -4.770894810469813 0.5662669882650984 0.0689883160498456 0.018866931960212628 1.857613633942646 10.0 10.0 5000.0 0.0 1.0 1.0 
1.643814647528386 -5.778635721432257 1.445467387930458 0.10783376798033906 0.24694831151490737 2.217138691547447 10.0 10.0 5000.0 0.0 1.0 1.0 
1.908902498980785 -4.907533001554213 0.2721661384616524 0.13401975719010017 -0.10254693668128825 1.9512983629800218 10.0 10.0 5000.0 0.0 1.0 1.0 
1.4753746460245405 -5.400070583512939 0.7296395460978636 0.1342260830514374 0.06628762256549624 2.1002961010565966 10.0 10.0 5000.0 0.0 1.0 1.0 
2.0561533804127863 -7.325797170161186 0.09683191417914729 0.13276068939464444 -0.25608963553350744 2.748110570511033 10.0 10.0 4999.999999999999 0.0 1.0 1.0 
3.055201584894813 -3.1032778041663693 -0.037208498229362556 0.14187895106425863 -0.15377558557064466 1.3839526264010515 10.0 10.0 5000.0 0.0 1.0 1.0 
1.2303809305878723 -6.291968552716987 1.4406257180619695 0.031188872868547116 0.37857121339034705 2.3496137391217555 10.0 10.0 5000.0 0.0 1.0 1.0 
3.348756419141938 -4.166138825800712 -1.5691893508578065 0.09998794423161253 -0.7113022641838216 1.7434050435167832 10.0 10.0 5000.0 0.0 1.0 1.0 
1.6682829932977108 -7.914295171259111 0.4129242205683146 0.10611277224583851 -0.1099635801895691 2.918365710807718 10.0 10.0 5000.0 0.0 1.0 1.0 
3.148474151033555 -4.339964797988297 -0.597917076587124 0.07424583742208896 -0.35619752421931544 1.7773485216716949 10.0 10.0 5000.0 0.0 1.0 1.0 
2.412877936777933 -4.15840093968828 0.003424733033212952 0.07952892648248677 -0.06821894278944247 1.6877872228602466 10.0 10.0 5000.0 0.0 1.0 1.0 
3.4343126184232626 -3.967218981858657 -1.534464057553627 0.12205389813559901 -0.7078818833404056 1.6962627914588706 10.0 10.0 5000.0 0.0 1.0 1.0 
1.727757968568254 -6.8486267095223194 1.5747048389211378 0.06073820282834858 0.3264821872302411 2.584960936217759 10.0 10.0 5000.0 0.0 1.0 1.0 
2.8613350153263184 -5.209098836649277 -0.23123630065732992 0.10904082389536122 -0.2691661737121328 2.077324355812104 10.0 10.0 5000.0 0.0 1.0 1.0 
