5.545405642594089 -0.41161294537496557 3.2005964729330807 0.46838610258514535 1.408433946410075 -0.017523445481294316 10 10 10 0.7 0.7 0.7 
4.665120059707415 1.6823729795611881 0.7538076783346801 0.17825692164717727 0.2648556148798016 -0.8656125156670414 10 10 10 0.7 0.7 0.7 
4.619755509977925 2.215238472701371 1.0723218315565086 0.18134044762971302 0.43633659511587125 -1.0123870173373588 10 10 10 0.7 0.7 0.7 
4.143639962677358 2.9551316482980003 1.255383122432925 0.18424415834131821 0.448160278536912 -1.2438836973613074 10 10 10 0.7 0.7 0.7 
4.928938122368291 2.0771900540801074 0.50075551401917 0.1699129741334325 0.24110758246100267 -1.0414380949529183 10 10 10 0.7 0.7 0.7 
5.088386622498514 2.5761617317602585 1.3426415552289859 0.20533049810737025 0.47016641955260696 -1.2079015490568634 10 10 10 0.7 0.7 0.7 
4.615884913358669 2.276995345690682 0.9672593258097201 0.13961153094779744 0.19977304534325724 -1.1718883897603276 10 10 10 0.7 0.7 0.7 
4.9251210340912035 2.2744366683039 0.9463628477201769 0.10834408634053785 0.14226986088616225 -1.1708005263949883 10 10 10 0.7 0.7 0.7 
4.955496119550909 1.2990931906640693 -0.7422901589498441 0.011924523398103121 -0.5098820537203654 -0.8730154091594762 10 10 10 0.7 0.7 0.7 
4.518598197927074 2.157287557425674 -0.2176042559898495 0.019805356859312517 -0.3822230077902072 -1.095944123346319 10 10 10 0.7 0.7 0.7 
5.0003055477668195 2.440630238443466 1.811693088873561 0.07380046353337276 0.3428667707029585 -1.1957165970170824 10 10 10 0.7 0.7 0.7 
4.909006623561485 1.65271091686565 1.348739488448007 0.18570958378508132 0.2941586713414767 -0.8643703798253984 10.0 117.69471556371298 10.0 1.0 1.0 1.0 
3.827470142925421 5.198873249763295 2.716514962015174 0.6194052032062277 1.1428945368085965 -1.932766988506259 10.0 117.72846369229187 10.0 1.0 0.9983377016150845 1.0 
3.034394170110645 6.016720878516458 1.920878228538518 0.7273880398010047 0.8280812983473732 -2.1734416099560527 10.0 112.43140135567114 10.0 1.0 0.9999983315864098 1.0 
3.2833826258635503 5.344567036794467 1.8399633067797303 0.6748203623529296 0.7701744611423412 -2.0205097724007346 10.0 74.34636850849807 10.0 1.0 1.0 1.0 
3.796380041218475 3.5528611688954075 2.1441261551351443 0.5680371414659152 0.7695528482930084 -1.4789174837617614 10.0 65.65500319547805 10.0 1.0 1.0 1.0 
4.346287098347694 3.4152798564841267 2.4407700003384125 0.5687955841077428 0.8743407843149389 -1.4405727552945569 10.0 62.31176369620352 5000.0 1.0 0.0 1.0 
1.5182537473964868 5.950543629310524 2.0518382050108057 0.7044536117556452 0.9472520174241833 -1.570950204454314 10.0 61.57542577684755 10.0 1.0 1.0 1.0 
0.6136623075293784 5.426039619271773 3.626220986864096 0.5796819850566136 0.9545087440844843 -1.4686341878704592 10.0 62.369341778375436 2983.1601908122097 1.0 0.0 0.0 
4.979305813791568 -3.331965351923994 18.17234174156633 0.6149014824365715 2.163684718582517 -0.23971903959014687 10.0 62.33196147667469 2534.89292937556 1.0 0.0 0.0 
2.8773292062528144 -8.810288643232052 22.60451552999358 0.6594353224191208 2.6234132154199865 -0.010733438100494687 10.0 64.61674821725886 2530.1803291388806 1.0 0.0 0.0 
2.102759307178232 -4.770806711178985 23.222615736318698 0.6665946144461129 2.6570889907058444 0.3600951569529894 10.0 74.36743997855103 2530.156301297467 1.0 0.0 0.0 
3.6137814250043974 -7.334578830335112 31.425592775695847 0.6577885387409226 2.874651030202576 0.48813399268793584 10.0 88.45291918553605 2519.35146139363 1.0 0.0 0.0 
-0.20219309792566476 -10.4953927067433 23.866113541363582 0.7105215360972142 2.9876472017975173 0.5609880866156027 10.0 95.74420291094184 2527.7087439353145 1.0 0.0 0.0 
3.189123555366691 -8.973817525846927 23.68764668803906 0.6527029688605203 3.0008272100226083 1.0782256629266982 10.0 109.89266835892012 2494.8631387381347 1.0 0.0 0.0 
2.071542299313015 -12.224549221902071 35.166993262275 0.5339780288755548 2.6839741705062696 1.141480886724027 10.0 145.67625949583206 2506.3382219115906 1.0 0.0 0.0 
-16.08792607885781 -14.79243576876494 84.44783929940763 0.2405273440754169 3.0263716861418866 0.8608884632360722 10.0 196.4427287357447 2501.3473552421033 1.0 0.0 0.0 
7.558366586439041 -13.15017778077982 60.25526290288572 0.38927675323981153 2.8094836537565375 0.8380030442000213 10.0 257.1166922742067 2561.682225064988 1.0 0.0 0.9999200794441656 
-11.060461461934093 -19.557173465119025 80.9508857928025 0.07086266870323141 2.2758539818770505 -0.0440036183978881 10.0 1106.0108366778347 2510.7916941727503 1.0 1.0 0.0 
-11.300117732683633 -20.98533390287065 74.95448721069224 -0.012032548937935815 1.6912688708037944 0.16517390805687962 10.0 5000.0 2538.0786469270356 1.0 1.0 1.0 
-10.787350453659084 -20.57255850802497 74.15159126937385 0.019522778658391245 1.8805968056298896 0.027604797070026953 3069.4135920738186 10.0 2514.705629984803 0.9999999999536626 1.0 0.9980765659812997 
4.962583463116013 -7.645043838697455 24.157038481697825 0.24075990556434462 1.9480964452205431 -0.19250694270288166 5000.0 10.0 2515.4156928553243 1.0 1.0 1.0 
6.052707822280211 -0.27295261976257484 0.4784417241614034 0.19476615011011658 0.301539544051968 -0.0394869079316545 139.04881799397222 10.0 4733.630617949031 1.0 1.0 1.0 
5.9757527275510185 -0.6240237695509164 1.6742727402641648 0.2660101723883498 0.7996166675983015 0.24324982382666885 5000.0 10.0 5000.0 0.9334415020042545 1.0 1.0 
6.082681986106201 -0.8932252303091104 1.3279231999429624 0.2626876151194905 0.7068202531062646 0.30604025875235585 10.0 10.0 5000.0 1.0 1.0 1.0 
5.447484024361023 0.9419225694499175 1.610410590004378 0.19810431317869706 0.6252866924089819 -0.4675143638861586 10.0 5000.0 10.0 1.0 1.0 1.0 
4.6413101969608 1.1186514854586749 0.7445160622484558 0.14536790140954733 0.30363872699202754 -0.4256833714124576 10.0 3192.486815088557 5000.0 1.0 0.9999999667207452 1.0 
4.068636663425695 1.4167587639469146 0.7383087498446137 0.1342740710714247 0.2512532911929068 -0.46762715598605137 10.0 1089.0271812227015 5000.0 1.0 0.05532845613546091 1.0 
3.9804332422408706 2.6284599185634656 1.960307222125822 0.23444371302785205 0.6522180939836475 -0.9009483403873889 10.0 523.3882390335715 10.0 1.0 0.9986625374085101 1.0 
4.411668311601294 2.348431578780227 1.5446042599690588 0.24255988260674044 0.5087585870159221 -1.0427661346790313 10.0 279.7411956138776 10.0 1.0 0.9988784152634522 1.0 
4.836321209774773 2.3602199306160205 1.4883592131643353 0.2522641162638134 0.47908607144870774 -1.1295492718132583 10.0 195.79078049738996 10.0 1.0 0.9996449398429026 1.0 
4.1165200242670625 2.5379962464377313 1.101769660009066 0.2646982320068492 0.31856114937805313 -1.2263152615872877 10.0 169.70246260198158 5000.0 1.0 1.0 1.0 
4.646001062074409 2.6054316061930054 1.389254824914624 0.2445219327148976 0.4093644016816735 -1.2739710608999768 10.0 145.40794984172518 10.0 1.0 1.0 1.0 
4.516758157315451 2.8792837949479577 1.5165409415285254 0.26328482282785126 0.4320224749920416 -1.3318191236229042 10.0 124.93179710698406 5000.0 1.0 0.0 1.0 
4.525532465571919 3.0392225023321955 0.5809010538395237 0.23945086750326697 0.07595505193977493 -1.414559896969603 10.0 113.36688269950417 5000.0 1.0 0.0 1.0 
4.42873692554941 1.8412100940068228 3.7853417698427347 0.4468267406475162 1.5606419591265615 -0.7916997748048423 10.0 99.81506420196622 10.0 1.0 1.0 1.0 
