4.187995877308013 -2.5657651486121202 -1.1549291262598333 0.15758823816479697 -0.706590573913759 1.0494530463447278 10 10 10 0.7 0.7 0.7 
4.199135254681838 -2.315405264118065 -1.0146897708302638 0.15831793328178848 -0.6482592030353984 0.967993016321713 10 10 10 0.7 0.7 0.7 
4.199135254681838 -2.315405264118065 -1.0146897708302638 0.15831793328178848 -0.6482592030353984 0.967993016321713 10 10 10 0.7 0.7 0.7 
5.69119723769435 1.7192100637300713 -3.179368201614621 0.39804582675462613 -1.516924322701668 -0.3434481340094354 10 10 10 0.7 0.7 0.7 
5.69119723769435 1.7192100637300713 -3.179368201614621 0.39804582675462613 -1.516924322701668 -0.3434481340094354 10 10 10 0.7 0.7 0.7 
5.622032645375943 1.2710636435648937 -2.5145155992462964 0.3942122039098315 -1.3058718083611196 -0.2558212519096966 10 10 10 0.7 0.7 0.7 
5.622032645375943 1.2710636435648937 -2.5145155992462964 0.3942122039098315 -1.3058718083611196 -0.2558212519096966 10 10 10 0.7 0.7 0.7 
5.62152426257938 2.312141062367781 -2.7516021939079276 0.421117850707678 -1.377553579327495 -0.5500250471580227 10 10 10 0.7 0.7 0.7 
6.313630700047631 2.011872152759538 -3.7088243401153096 0.4481220086600238 -1.783006218109852 -0.4335860321421541 10 10 10 0.7 0.7 0.7 
6.313630700047631 2.011872152759538 -3.7088243401153096 0.4481220086600238 -1.783006218109852 -0.4335860321421541 10 10 10 0.7 0.7 0.7 
6.313630700047631 2.011872152759538 -3.7088243401153096 0.4481220086600238 -1.783006218109852 -0.4335860321421541 10 10 10 0.7 0.7 0.7 
5.736410596176 2.3432928769383463 -2.85454349890895 0.5892093706673216 -1.600777588108313 -0.6592975780683717 10 10 10 0.7 0.7 0.7 
5.218491587031527 0.09808741126608347 -2.5082370821215885 0.3916398417761664 -1.4231842396471721 0.15223418861364474 10 10 10 0.7 0.7 0.7 
5.21548586991078 0.2755637309399961 -2.0715519606743205 0.39525565539069074 -1.2024496909309013 0.10299406965913634 10.0 10.0 647.1252397989462 0.0 1.0 1.0 
5.636317952111965 0.7441171597407219 -2.392146167404111 0.4184212728341118 -1.362064366060006 -0.03388539718676177 10.0 10.0 647.1252397989462 0.0 1.0 1.0 
5.183965718588103 -1.2797583823485383 -1.8438193895353283 0.19608474369229942 -1.039043987160825 0.7327608310409073 10.0 10.0 647.1252397989462 0.0 1.0 1.0 
6.238790920062974 -1.4188585619280416 -0.4485287999940781 0.07052159573622233 -0.46764422318914894 0.9662785241208716 10.0 10.0 647.1252397989462 0.0 1.0 1.0 
6.285008342436987 -1.1587797238246633 -0.4761683855981191 0.04240163871789864 -0.41973807470276764 0.9206145762434018 10.0 10.0 647.1252397989462 0.0 1.0 1.0 
6.259920838871208 -1.9089333342892554 -0.3294707765302762 -0.021417446925347125 -0.2805027290001638 1.1965297896279297 10.0 10.0 647.1252397989462 0.0 1.0 1.0 
5.685595597383457 -2.981984783618047 -0.36124970715154625 -0.06757536777011129 -0.2594897758491227 1.54342199216316 10.0 10.0 647.1252397989462 0.0 1.0 1.0 
5.418816152319938 -3.7432629368583417 0.016701289807365245 -0.08542181585735246 -0.10970040846126645 1.77704905981919 10.0 10.0 647.1252397989462 0.0 1.0 1.0 
5.009454152973625 -4.114093985673396 0.0584046636781078 -0.10789152213579678 -0.0068558990971487686 1.8917087867500877 10.0 10.0 647.1252397989462 0.0 1.0 1.0 
4.79943351719898 -4.270179504037398 0.2937019365574167 -0.13041919651647463 0.1173572646572365 1.9257105276946176 10.0 10.0 647.1252397989462 0.0 1.0 1.0 
4.793950939585399 -4.601984211557121 0.36364121441037656 -0.12438362256436104 0.15918715266509306 2.0484563400293663 10.0 10.0 647.1252397989462 0.0 1.0 1.0 
4.727637173180308 -5.0631432962621865 0.6786237177248641 -0.14327402973131687 0.2824975255431324 2.168235385771962 10.0 10.0 647.1252397989462 0.0 1.0 1.0 
4.6256994319645965 -5.11886846384063 0.9003616721909153 -0.1529382655510977 0.3725308443422663 2.1840880777645832 10.0 10.0 647.1252397989462 0.0 1.0 1.0 
4.525368214885753 -5.448983355103151 1.3839817814229578 -0.2035875978118587 0.615292867416779 2.2658812971374434 10.0 10.0 647.1252397989462 0.0 1.0 1.0 
3.4563391299552797 -5.526999050157635 1.4368322292651738 -0.1741936174660272 0.680132588265683 2.2088765248464544 10.0 10.0 647.1252397989462 0.0 1.0 1.0 
4.701391890304726 -3.5479618367947885 0.28972663627771067 -0.06702846716687792 0.10061425457781616 1.5698067753699154 10.0 10.0 5000.0 0.0 1.0 1.0 
3.3766459853969657 -2.7322702824502425 -1.3200683535417808 0.15255762195026845 -0.7231402362249093 0.9912859264916721 10.0 10.0 5000.0 0.0 1.0 1.0 
3.0270864539437627 -4.057395490404888 -0.410709957368437 0.19075539212974876 -0.4690312571081726 1.3591788003106156 10.0 10.0 5000.0 0.0 1.0 1.0 
2.898446251182043 -5.029911542345151 0.46295454684774084 0.17455676068837486 -0.2768559972309654 1.6967881822716948 10.0 10.0 5000.0 0.0 1.0 1.0 
-4.269335523043072 -3.2079086630105547 -2.390490893866563 0.13840804893011185 -0.4806431963167731 1.387829118245307 10.0 10.0 5000.0 0.0 1.0 1.0 
-2.279792003256011 -1.7287870774218754 -2.808827958044983 0.11757479598341329 -0.5393292286569541 1.1320825757775557 10.0 10.0 5000.0 0.0 1.0 1.0 
-2.285361455259998 -1.856270939605342 -2.806997748185881 0.11485704141752742 -0.534475673436475 1.1750445176475384 10.0 10.0 5000.0 0.0 1.0 1.0 
6.885173480473812 0.010136493321964188 -14.642036473230245 0.36648840290533236 -1.6851296410879006 0.7122037102932312 10.0 10.0 5000.0 0.0 1.0 1.0 
7.248878610870112 -1.3985415736886333 -17.294426809895945 0.4265924965438613 -1.9978620480693179 0.45499671824845966 10.0 10.0 5000.0 0.0 1.0 1.0 
7.42314249943796 -0.4372270792873102 -11.205403296981427 0.28118648558921605 -1.126867525841005 0.5722727189445899 10.0 10.0 5000.0 0.0 1.0 1.0 
6.27447811981066 -0.033430282052602095 -10.632152761107182 0.30864451733795134 -1.322571768826859 0.521460517309537 10.0 10.0 5000.0 0.0 1.0 1.0 
7.206127362433937 0.48009778795289654 -17.426309659628014 0.47316966160940194 -2.2699205050634914 0.5195482794165528 10.0 10.0 5000.0 0.0 1.0 1.0 
6.841389937578848 4.021669642322908 -16.419339052793603 0.46203913392372736 -2.1888284998387486 0.46800304397156933 10.0 10.0 5000.0 0.0 1.0 1.0 
4.488452556363746 3.258398501911308 -8.875107326171403 0.3517308486053544 -1.3584801788700194 0.477456707999135 10.0 10.0 5000.0 0.0 1.0 1.0 
4.481263888643587 3.4407406329164925 -8.09920098659094 0.33111090068817034 -1.337273432220511 0.4660691785588204 10.0 10.0 5000.0 0.0 1.0 1.0 
8.037924970985438 5.176190766897736 -18.005537470573625 0.4962703027361442 -2.621846977532855 0.3816152750678703 10.0 10.0 5000.0 0.0 1.0 1.0 
8.172615279732362 5.304291924517273 -21.54827963822971 0.5445174554027385 -2.59949301582081 0.1527526385802359 10.0 10.0 5000.0 0.0 1.0 1.0 
5.250647789473662 6.283461398702304 -17.452437378094857 0.3750558311596537 -1.9876747613177141 0.8301295348498277 10.0 10.0 5000.0 0.0 1.0 1.0 
5.526317717244865 7.542858981354575 -16.989993218835053 0.3704620068838157 -1.714879265625611 0.4494225506005002 10.0 10.0 5000.0 0.0 1.0 1.0 
6.247618329693225 9.27885995337046 -17.305762741853883 0.5272754742607013 -2.3185621531576253 0.021695819487227253 10.0 10.0 5000.0 0.0 1.0 1.0 
4.522441575336262 10.244304169435159 -25.40278865912466 0.6068324069978106 -2.9986945258187747 -0.005301927602650608 10.0 10.0 5000.0 0.0 1.0 1.0 
9.213645666249969 5.543097846464933 -17.760589308013692 0.5317998204207651 -2.206023695299463 0.24429428805593292 10.0 10.0 5000.0 0.0 1.0 1.0 
8.62468260640227 5.099455451886692 -15.847543247953697 0.5305787640922139 -2.0329821902593648 0.33181899642227947 10.0 10.0 5000.0 0.0 1.0 1.0 
-7.069191635899935 -0.7894118451268544 -59.90296780794312 0.8492463951794047 -3.3271382680644703 -0.231493813873928 10.0 10.0 5000.0 0.0 1.0 1.0 
-6.877845462720085 -4.396680389847059 -41.38512134060049 0.6249616604668257 -2.9443352176661266 -0.08528855103744175 10.0 10.0 5000.0 0.0 1.0 1.0 
-3.8292249475077806 -4.843808428275994 -39.570286119689285 0.6004433426398975 -2.6013306008904964 0.06162088282727219 16.19718332990308 10.0 5000.0 1.0 1.0 1.0 
4.729351466939239 -1.6393323666011999 -40.51660368338909 0.9038409790878256 -3.6275714904729393 -0.4312380550593621 16.19718332990308 10.0 5000.0 1.0 1.0 1.0 
5.088089204329496 -7.46766017051814 -35.7964579999912 0.6599797804924977 -2.10268114927242 0.2273492240083462 16.19718332990308 10.0 5000.0 1.0 1.0 1.0 
5.824569990425031 -8.43088612409999 -35.10097127246745 0.6677608711987584 -2.636603784492606 0.36829714356964227 10.0 10.0 5000.0 1.0 1.0 1.0 
5.897158203745271 -7.640368667219562 -33.711469375030596 0.6546580886047351 -2.191615404920633 0.13972612700808346 10.0 10.0 5000.0 1.0 1.0 1.0 
2.41622834177993 -5.246307157562825 -48.00753517491647 0.9930964942855145 -3.459381797523827 -0.809232333074712 10.0 10.0 5000.0 1.0 1.0 1.0 
2.2169893702791255 -4.4634309567160235 -45.95733908797582 1.0251696897117055 -3.3397042805400314 -0.8290046695642819 10.0 10.0 5000.0 1.0 1.0 1.0 
-2.5715249767927815 -3.4695225803325664 -41.31818486101936 0.6383559494191251 -2.24918126597032 -0.0376966719572216 10.0 10.0 5000.0 1.0 1.0 1.0 
-0.43097795153055773 -3.597561817868977 -40.191208719883846 0.6584871791570428 -2.268783725569082 -0.05057737459991616 10.0 10.0 5000.0 1.0 1.0 1.0 
8.242404087249376 1.8233904158671894 -28.658630931785932 0.9744726748505099 -3.6789500095029917 -0.9439205409527132 10.0 10.0 5000.0 1.0 1.0 1.0 
6.5881634096939 9.217296286721725 -21.32406345206223 0.9951345014363979 -3.265461009011966 -1.5718438365522815 10.0 10.0 5000.0 1.0 1.0 1.0 
6.453552982321345 7.049252694692109 -11.58424324458972 0.7220621453921101 -2.6575566187199877 -0.684450958753949 10.0 10.0 5000.0 1.0 1.0 1.0 
8.66415096876802 8.879823099121394 -24.219960523547854 0.9648260094872869 -3.5255193422433635 -1.2717022697524905 10.0 10.0 5000.0 1.0 1.0 1.0 
-0.351799912988217 12.876171979929547 -40.62747131553596 0.8399720224711635 -3.4190359410090214 -1.110755392678768 10.0 10.0 5000.0 1.0 1.0 1.0 
9.489668032715146 9.474202392211588 -22.061652512008898 0.9113121390260566 -2.987690411322615 -1.4012274377163374 10.0 10.0 5000.0 1.0 1.0 1.0 
9.195549817061703 6.571345269120666 -17.532868476404488 0.6584029397194763 -2.228867852458661 -0.5845420124337714 10.0 10.0 646.4601556884913 1.0 1.0 1.0 
5.50191477084385 1.406010632457215 -5.3633443814942785 0.537955607073162 -2.7202701317902753 -0.4543576290369064 10.0 10.0 646.4601556884913 1.0 1.0 1.0 
6.469419715249922 1.2950074313293745 -3.3789915945574025 0.45374713356235097 -2.2119855690011323 -0.1215365057517314 10.0 10.0 646.4601556884913 1.0 1.0 1.0 
5.876063105487143 -0.2571594220594151 -1.7098151178616348 0.29356192522870483 -1.2336192763676013 0.49617629485110654 10.0 10.0 646.4601556884913 1.0 1.0 1.0 
5.712607140539301 0.20598801853872944 -2.4050388938621947 0.4232828263740566 -1.5920172331223144 0.08813002698789509 10.0 10.0 647.1252397989462 0.0 1.0 1.0 
6.445078350408869 -0.3710945542843006 -0.6812288386442179 0.21972254645949713 -0.6887156375719652 0.46176227551982113 10.0 10.0 647.1252397989462 0.0 1.0 1.0 
6.849727156674479 -1.3602214142540596 0.4252302408906804 0.13097315694230988 -0.1996695593863213 0.8564690120942823 10.0 10.0 647.1252397989462 0.0 1.0 1.0 
4.937601671823831 -2.483214777391218 -0.2476336018046473 0.06309840216956482 -0.2304010025695686 1.2899624661118243 10.0 10.0 647.1252397989462 0.0 1.0 1.0 
4.512665672217608 -3.2040592174376075 -0.66525095413406 0.02266652583770976 -0.3223164629396067 1.5243126343255582 10.0 10.0 647.1252397989462 0.0 1.0 1.0 
5.11827541468026 -2.700442536083731 -0.796831001233301 0.01568464967643187 -0.35016156417695066 1.4037063966534804 10.0 10.0 647.1252397989462 0.0 1.0 1.0 
5.361325783089848 -2.613814056153174 0.08526605592345074 -0.06234676194823115 0.06892656265766388 1.3537667057910492 10.0 10.0 647.1252397989462 0.0 1.0 1.0 
5.534687466772291 -2.2234304114369716 0.6366148097690474 -0.08941950074911678 0.312482986530173 1.2172724343949328 10.0 10.0 647.1252397989462 0.0 1.0 1.0 
5.81646728596131 -2.2482502550368553 0.6471782270299828 -0.10626314967695691 0.30694005567761984 1.2637778738612864 10.0 10.0 647.1252397989462 0.0 1.0 1.0 
5.1930776192317945 -2.5875021564272256 1.7730794193187973 -0.18895619978418424 0.8710339466062137 1.3156853398914192 10.0 10.0 647.1252397989462 0.0 1.0 1.0 
4.8217758111711095 -2.7456800022383914 1.2532727789242988 -0.18754191931982883 0.7444929702813785 1.371911403547532 10.0 10.0 647.1252397989462 0.0 1.0 1.0 
4.921031826846293 -3.069592683522468 2.268485284884383 -0.20767900152740146 1.103154543300986 1.4520813390586036 10.0 10.0 647.1252397989462 0.0 1.0 1.0 
4.049819480292022 -3.9393148259189523 2.2558442423449767 -0.2651467052692982 1.2294080414644712 1.6361751744409674 10.0 10.0 647.1252397989462 0.0 1.0 1.0 
4.921523085420572 -3.3886384727276413 0.6670575987542422 -0.08429710719543645 0.34691964014835225 1.5427335251896328 10.0 10.0 647.1252397989462 0.0 1.0 1.0 
4.522373114667336 -3.7104966858849853 0.7162221496062121 -0.09497104737204579 0.3802459895886058 1.6166707857001663 10.0 10.0 5000.0 0.0 1.0 1.0 
3.2132831278624843 -1.9437649333379303 -1.271567505747927 0.20788299931605558 -0.6523723301013874 0.6683140415119599 10.0 10.0 5000.0 0.0 1.0 1.0 
2.1738766350127308 -4.00590000950958 0.3579259352935672 0.15483141029775888 -0.12208752931061086 1.2874334206469606 10.0 10.0 5000.0 0.0 1.0 1.0 
-0.43198847638620336 -4.183674028023185 -0.08585069836696081 0.1296986925464482 -0.2675882052479758 1.747192643737956 10.0 10.0 5000.0 0.0 1.0 1.0 
1.2539719811451668 -3.010451657641385 -0.8080971712499833 0.10372490773782804 -0.3569584410231542 1.458860697065954 10.0 10.0 5000.0 0.0 1.0 1.0 
1.3296183825530978 -2.9365646247593085 -0.9447002655569132 0.10767925331119822 -0.4079497726108639 1.4465590859708992 10.0 10.0 5000.0 0.0 1.0 1.0 
