3.397620202091464 2.6671578247499057 -1.1064619371583018 0.11873720269827884 -0.1987161134034164 -1.07082710403081 10 10 10 0.7 0.7 0.7 
3.6483626847277573 2.3693295345489767 -0.8247121784611201 0.11645704831875978 -0.117146481406593 -1.0017795622169097 1.1935682851276883 42.154610555688706 5000.0 0.997665179300641 0.4756789704333194 1.0 
3.6762505203546034 2.4534166735999707 -0.8366756974301359 0.11869928370832165 -0.12509804792337093 -1.01834182396594 1.2165094567461567 41.916977653981704 5000.0 1.0 0.9987078931236866 1.0 
0.8718743395382843 5.122329802860211 0.2764594568653956 0.521224443467613 0.40282324825476024 -1.6421737395323073 1.2827366572415266 42.02249011736314 5000.0 0.7813544100988744 0.7898758632169911 1.0 
-6.6865025147373505 5.7862529830355705 11.896193875320854 0.37758790923813856 0.47458787011503856 -1.3466196742282948 1.216662948240936 41.932917468819944 2396.195305363372 1.0 1.0 1.0 
-4.672598976679295 5.632878630166963 12.471431135471942 0.3683139715237765 0.4891772091428984 -1.3862760630946918 1.24241893305611 41.93690732954469 1561.1354396682623 0.9999485477535834 1.0 1.0 
-4.552554237218592 5.595006175343747 12.362878739787027 0.36585981713343324 0.47938894024622664 -1.3800950620402868 1.2429982233390977 41.95069600353703 1559.6773937633268 0.9991948195964725 1.0 1.0 
10.718335555456866 4.027090222625656 23.501140458081682 0.4172472665707584 1.5385142330597745 -1.5528191242255691 1.2427313052224598 41.95110027551245 1559.6355466555997 0.9999492298470865 1.0 1.0 
12.312231607938068 14.047333858568239 49.7591140060703 0.49486454784007206 1.9847972887889236 -1.3733731015810293 1.324292822373081 45.068451862779206 1573.7170207884024 1.0 1.0 1.0 
16.63391559398064 4.4903570444518515 27.35571606811704 0.41662994600345754 1.703101169740566 -1.4457035228745436 1.6662495489803535 56.725426100839925 1576.8840119482743 0.9998566679076673 0.9999834492131255 1.0 
12.054623665682668 -9.3301104163166 21.217860467084765 0.3571951410656058 1.596235260328448 -1.174463869925772 2.2888519329679626 77.23424982832604 1561.323679221977 1.0 1.0 1.0 
11.32152492100968 -5.312881605464796 23.380139182370076 0.37728973252783493 1.774400578755999 -1.2964563187817622 2.85647334902356 95.31581215899675 1569.8794556616133 0.9992985793643251 1.0 0.00019783882339145738 
11.837921894300328 8.726892565307795 58.34083384017351 0.23713017274276563 2.6182658499634455 -1.260138865649569 3.263757272927704 109.67360596186559 1555.9591177751613 0.9899859396005419 1.0 1.0 
19.317768121619945 21.170481463338866 121.28847404126486 0.1793268226511429 2.995067710538961 -1.342270329876589 5.790142297097959 196.5040919962042 1552.810817019417 1.0 0.18857134036276332 1.0 
3.339374276813319 1.8393441195645523 7.272567911576387 0.37023318086001356 1.5316408659062937 -0.7169459631055379 13.966269560454421 439.43678944868907 1573.782502972407 0.9904821764645937 1.0 1.0 
3.757404714462672 1.3131262046433363 -1.2806475915598832 -0.056476766341682416 0.04819585232357062 -0.627702930311144 93.16183172087932 2007.6165035858194 1479.047157236043 0.8637046013459097 1.0 0.0 
3.6938714167753544 2.026986403810481 0.5656914592347013 0.050696754090363734 0.6501793020076343 -0.8192165259512546 1283.1574859872203 5000.0 1562.6588757899847 1.0 1.0 1.0 
4.7311871849820415 1.1838026154112598 1.0412283126140773 -0.10533804813216187 0.8551415568356437 -0.6293863286416745 5000.0 5000.0 1559.1915546523528 1.0 1.0 1.0 
5.571156989721175 0.9848247481477576 0.9810685039270212 -0.06096261500883726 0.9359123277902981 -0.5949066241959605 5000.0 5000.0 1994.734665754233 1.0 1.0 1.0 
4.4620939862795295 2.0715953897828028 1.675661270786459 0.0377000806538702 1.1242676456946992 -0.8534620684824925 5000.0 5000.0 5000.0 1.0 1.0 1.0 
4.755078916431165 1.7820767717075738 1.0661586151658289 0.04918191496926941 0.9522061168934951 -0.7958299307201178 1190.9619027615802 5000.0 5000.0 1.0 1.0 1.0 
2.9722131420345486 1.908139426075406 -1.2607496367485485 -0.07478772271768265 -0.0858956735169522 -0.7259325401193069 200.45558492410967 5000.0 5000.0 1.0 1.0 1.0 
2.717900255281548 2.553858562428292 -0.5902151400575045 -0.011939413601625672 0.10563506780765239 -0.9224209135270852 9.358436469641852 315.22615213155666 5000.0 0.9999999961587149 0.8377334960811496 1.0 
2.701728820554993 2.190152541052887 -0.5969128612806397 -0.03155478612719798 0.06565408465848004 -0.7883719284319175 5.271165261629046 148.70133630990094 5000.0 0.09236295463223618 0.9805839248306011 1.0 
2.686599072451417 1.8800618857737224 -0.9831355134397689 -0.011102878299577927 -0.051394014885593906 -0.6810689802791218 3.2817324423949996 97.98574596791384 5000.0 0.3167806843651821 0.9926023238255445 1.0 
2.617137863137705 2.9409500342073946 -0.6513162942833787 -0.02514993804608297 0.020845779030220425 -0.9675843403665652 2.973763169277315 84.39539294554501 5000.0 0.05957615273205605 0.9990777609183213 1.0 
2.581343332790916 1.899790139603788 -0.9809999601074734 -0.048230956282428655 -0.10838134117352084 -0.6610863319096135 2.003298182214345 71.39628451526406 5000.0 0.9992334427187692 0.0 1.0 
2.694840468936854 2.5260063418489143 -1.0484887454573633 -0.04578470540388993 -0.2774324136112554 -0.8970181293823724 2.3072691057558092 64.88554834539758 5000.0 0.00023891648865497633 0.9927690052910214 1.0 
2.2443511561794045 2.178972810410245 -2.3114654251554985 -0.07348377522979321 -0.713733654772613 -0.8066307322341248 1.8814200747812069 53.44382609230796 5000.0 0.0003482027478742626 0.3000821921641892 1.0 
2.375531927293947 3.4873470867486205 -1.7892227945960986 -0.06548983490014856 -0.5598557922953309 -1.2283930876696614 1.4460071876777205 47.35678992759668 5000.0 0.6864739137358179 1.0 1.0 
3.0348030719432866 2.663211455483386 -1.4269532202705675 -0.018470672204667193 -0.36339288176279666 -1.0951870107752164 1.3021345722851547 41.994074059953405 5000.0 0.7202529233670744 1.0 1.0 
2.142138376331471 4.285758095416797 0.07449369221405538 0.37200516502653663 0.351123180880224 -1.520356960601357 1.5190327962352037 41.92414970821218 5000.0 0.00015387616653672777 1.0 1.0 
2.2146652650745655 4.222174813001157 0.08186293134968933 0.3743920786144399 0.34745942398221513 -1.5083493132926498 1.2425252751286817 41.94821115752632 1559.122058880391 0.9999493297563108 1.0 1.0 
2.4550551018860234 4.116625820992593 -0.023976721482402662 0.3663280410053507 0.338536879171307 -1.4981830194066863 1.2427754050703437 41.949491389249395 1559.1774211215454 0.9991960445953176 1.0 1.0 
3.3546713529719505 2.347657642316017 1.1423177502467505 0.3784114271808982 0.7717071793865508 -1.048310354803847 1.2427653268761774 41.9500570078912 1559.185698462275 0.9991962781265643 1.0 1.0 
4.447004052947042 2.0759404607148277 1.4638765090800463 0.4181535947024371 1.0788364545006084 -1.2687630893609887 1.2496197668311433 42.302996512764814 1557.2518745385005 0.999968440592873 1.0 1.0 
4.521331154131801 2.3764830453642167 2.376851968115304 0.4271948783287994 1.4169037025506332 -1.3046430387958405 1.4141607381207255 48.03315710086787 1559.832698979089 0.9999518604707252 1.0 1.0 
4.636965765440086 3.0964110696862743 2.368522632084694 0.4575879456103078 1.3895438926348609 -1.5868725263183874 1.683493817032047 57.1031186639059 1561.5067466473854 0.999830011565582 0.9999817250327481 1.0 
4.915191129488019 3.0240905472386572 2.2007412753717115 0.44851244815478614 1.246041230780182 -1.5968750779062475 1.8738100090147758 63.499495228472696 1560.2892210095454 0.9999999844588391 0.9975305418127376 1.0 
