0.23668795687584995 -0.5943595352377232 0.06444543861874474 -11.108582725124643 63.88131971557713 -0.3444062373955013 
0.2366569055471583 -0.5777523350642034 0.05922338670309195 -11.101865996013325 63.883481816998504 -0.3440169573975879 
0.23673048970649177 -0.5545325679396877 0.05263991328989235 -11.11759123363257 63.8700856286711 -0.35627933783376836 
0.23649140744891572 -0.5544527512265203 0.052320621076347835 -11.116772984024193 63.88735875396463 -0.3541085972520031 
0.23660472551831202 -0.5545351987023887 0.02540253362955545 -11.131685663790725 63.865604040679045 -0.3707392370445302 
0.2365126678535412 -0.5544789439004777 0.02163932356895755 -11.152230797136282 63.8721258567915 -0.38046109505732517 
0.23650150257174457 -0.5544647761137035 0.02163575805192464 -11.151039304645993 63.870071396999315 -0.38478002725855476 
0.21650342500961484 -0.5543784923657827 0.021740851470388775 -11.119107860015495 63.83911713469796 -0.3567467439895741 
0.1848687160795933 -0.5544066498894783 0.02165067427964482 -11.141747621629348 63.863895794644456 -0.3758388701806974 
0.16709302007678362 -0.5544672562868915 0.02166054255301394 -11.148181805818934 63.86233975546779 -0.37501208371576034 
0.12803945503042194 -0.5544470235618957 0.021700342254724374 -11.147464610933293 63.862614181782774 -0.38356923488088096 
0.11400197188575141 -0.5548042564878982 0.021961785238162265 -11.254173134719734 63.82097872794541 -0.4257267167504162 
0.08442044023142377 -0.5542087976124322 0.021637247774462166 -11.093820907082353 63.83847998323828 -0.30539200044501363 
0.06409775985390823 -0.554482664022646 0.021826598949307795 -11.177719910772792 63.72831892840739 -0.3129661571196526 
0.03204849790649011 -0.5545483386391408 0.021743246967959977 -11.211369590184185 63.82486283474133 -0.40287139323293497 
0.01704152148536589 -0.5543081742931472 0.02157064552862616 -11.121597212077505 63.71549148085338 -0.2438871048548188 
-0.004487828438025801 -0.554702035601912 0.02238515457877324 -11.27602078774073 63.7770565693322 -0.43944896436936776 
-0.02050438820279362 -0.5543243367213843 0.021568751502919765 -11.125481268270638 63.74985877080498 -0.28654685504044225 
-0.04225398457813118 -0.554324706179139 0.021566654802538977 -11.129610431043822 63.79173385313149 -0.30224297819124885 
-0.05610627401424409 -0.5544247866370526 0.021597084571701557 -11.114187634508522 63.72655999521033 -0.26642093264135375 
-0.05754159424994076 -0.554389956457185 0.021580937059571922 -11.099640319519919 63.73241667342896 -0.2448481116030824 
-0.05780944401696116 -0.5543338853823004 0.05228151722936789 -11.080989172445928 63.75328639648971 -0.25668801895339394 
-0.05749278595573655 -0.5543932201267109 0.052268271728615215 -11.064743792700115 63.7559403360419 -0.2430773912423781 
-0.05748718917201312 -0.5543987907317446 0.05227823006577022 -11.067065560445878 63.755121269208686 -0.24493530279380862 
-0.04522235332594643 -0.554413123173275 0.05226424066479141 -11.07860577661668 63.74467316658123 -0.24766040418755783 
-0.02615107380063684 -0.5543726978387371 0.05223315570847636 -11.060973343007712 63.74908460749067 -0.2334905551182384 
