0.201453369563547 -0.7291907912069479 0.04272597409496723 -39.52652873063061 86.34833054341183 -36.59430891534424 
0.20145301495934936 -0.7291920550108607 0.042725372300931694 -39.53052862304107 86.34825412331462 -36.598406478023996 
0.2015264469733047 -0.6992100700084083 0.05258433907459968 -39.71312728432114 86.33659298091679 -36.758322673905525 
0.20115579994347524 -0.6993160791598764 0.052180456198959634 -39.58238573085585 86.348485378861 -36.65242204677706 
0.20135532392701214 -0.6994104398131299 0.0170770793352595 -39.724981274757894 86.33142019841992 -36.78047208751559 
0.2011986707061321 -0.6993000097649024 0.01699435130536156 -39.76653189671755 86.35159880307981 -36.831013107159954 
0.19556476111393012 -0.6991595795330363 0.017115323274728637 -39.1349999870332 86.28298865110226 -36.092986856806895 
0.15044377321084107 -0.6992868694875372 0.01714822960824202 -39.592922867988435 86.32803760192928 -36.6445001858631 
0.11730704642510309 -0.6991163182516342 0.01684833407665593 -39.47310989540287 86.37382927023188 -36.56836508183205 
0.07754493153592792 -0.6992054267218871 0.016928173540405198 -39.561049279533634 86.34822966910968 -36.62296844940459 
0.0424142707319152 -0.6993751359065127 0.017051622961873448 -39.71800349082718 86.32580813851636 -36.76225693532105 
0.022906204173627917 -0.6991371255529659 0.016918728274150082 -39.76495619224507 86.3649051472871 -36.87052554064446 
-0.019623664541259706 -0.6992541695552371 0.017038036931096855 -39.5423610507552 86.34401131686282 -36.5931851669655 
-0.04021076878375214 -0.6993431560680436 0.017121907187158284 -39.48494664109373 86.3297772878482 -36.53420042558215 
-0.07448298492979091 -0.6991325621126732 0.016944791611184486 -39.7987203714526 86.37456686756816 -36.87539188739044 
-0.12450374042607351 -0.6986558822252603 0.01644729903702273 -39.4664768653104 86.42340805017336 -36.63125850916891 
-0.13686935748474552 -0.6990936346155262 0.01681140227140196 -39.501447624334915 86.38871862335459 -36.58228202106192 
-0.13681271720538382 -0.6992199377148123 0.017014014897764468 -39.524236153939846 86.39338525318615 -36.609223378419 
-0.1403524346005267 -0.6984498265325753 0.03797124396877615 -42.08795661127329 86.5946613311582 -39.384917801157506 
-0.13701149442233593 -0.6991696283141001 0.05218239753643326 -39.61727557597314 86.40523855351715 -36.724790590332454 
-0.13672278195288762 -0.6992567890235685 0.05237791293987348 -39.619339380036664 86.40537088531664 -36.72635920352345 
-0.13665468815932666 -0.6992548104155976 0.05234271054362318 -39.57323160670226 86.40665421359849 -36.67734815844296 
-0.13013493505177992 -0.6991218514475397 0.052152607439342406 -39.44453950074888 86.41669519773751 -36.56866392169742 
-0.1073856543025612 -0.6991918482089131 0.052199067875064654 -39.45632406253371 86.40854905717129 -36.557599254777834 
-0.07317930243071356 -0.6991973165897686 0.05225122388717364 -39.48208698371187 86.4080406558289 -36.585400100886815 
-0.06940722811655575 -0.6991721075831053 0.05222994389131233 -39.43224119563021 86.40478638768816 -36.56340279054853 
