0.23453902602413373 -0.654650906889155 0.05229845278901428 5.971183808945066 66.1503190585302 -28.664985183316187 
0.23453893405997758 -0.6546508461974839 0.05229838732745256 5.971157302026674 66.15034336080105 -28.66500789718169 
0.2344870804170513 -0.6545708465887206 0.02845312037445109 5.992317747910536 66.15928952217178 -28.64280452875436 
0.23450761160555117 -0.6546878441691996 0.015708641955929407 5.958579337285326 66.14980633585697 -28.665380484676547 
0.23442568252060406 -0.6546228252677723 0.015674447640114237 5.956820556542161 66.15487869100455 -28.665006583458542 
0.23442383693145258 -0.6546211005788108 0.015673461731784386 5.957233783417258 66.15499746650949 -28.66483466174293 
0.21410218749005452 -0.6409796081724336 0.016001120808261847 5.9642072941678785 66.11321478697026 -28.63308381663268 
0.1505290103927655 -0.603253148882452 0.016073988958343905 6.019842469464948 66.05139186003439 -28.51207168689185 
0.08354033346773072 -0.5645222133764439 0.015713056935528245 5.933136823381503 66.12681561197024 -28.66283712313758 
0.0479518336632842 -0.5442000523361719 0.01584871510505181 5.824129016373666 66.16212403929325 -28.81911592602192 
0.03031038229906153 -0.5328362848815954 0.0155869466574039 6.015951701918336 66.13047160902838 -28.580170154732954 
-0.024844453967705803 -0.4999139467700781 0.015512532334674034 6.1439290184377935 66.13180365905832 -28.459627181260565 
-0.06625556512070746 -0.4762241582886623 0.01600263246877634 6.0174146354351254 66.03620711724784 -28.49346278153991 
-0.10025031215166871 -0.45327503250813816 0.013610709871260014 6.5282663362611 66.60827934389924 -28.525748262816744 
-0.09568305749935885 -0.4573575531694972 0.015749769450233656 6.525546964246987 66.63094801776421 -28.52771332417078 
-0.09572155984652557 -0.45740063022383654 0.015668510033107624 6.5417631222703925 66.60387859953833 -28.520557315284428 
-0.09563845305146047 -0.4573122072525158 0.023664690259848898 6.573742548809463 66.61297126448895 -28.47534658076277 
-0.09563618362146317 -0.457415730558654 0.04369372120572763 6.533985174477654 66.5893912971786 -28.531972933710282 
-0.09576486987297732 -0.45723736604421794 0.05204117980430468 6.593154096755139 66.60805371075261 -28.493801732227777 
-0.09571051631227458 -0.457377110549431 0.05227629717858244 6.547185048089226 66.58840031209537 -28.52859039439738 
-0.053555437921731494 -0.48366070945049433 0.05228058582808052 6.54601074515541 66.58122156418527 -28.528725034538052 
-0.003723020897810059 -0.5129772338198527 0.05229484505914977 6.547332408772166 66.57744303679844 -28.520347639958096 
0.045170950767795155 -0.5417313924141459 0.052306620528812034 6.556524106815239 66.57432170577938 -28.52129126442019 
0.0683610085842317 -0.5553020531846788 0.05227497905044595 6.566404735792086 66.58338684878017 -28.499007793071627 
0.10099392657426354 -0.5745301174645875 0.05230803298345555 6.556297144879472 66.5791009416339 -28.508077321397824 
0.1183547422576584 -0.5847513954792964 0.05223414033422603 6.564237405488108 66.5842082416259 -28.50208867731708 
0.16682781321695986 -0.6133135694224517 0.052264604338852994 6.558472729868137 66.58244429167561 -28.507343318927266 
0.19841243808912098 -0.6318757074651009 0.05223582751364356 6.574577491688648 66.58345577337481 -28.4990964858549 
0.23428501914781338 -0.6542844124798256 0.052145455436444624 6.5695578602052205 66.59381889460691 -28.471443863243167 
0.23457752101727664 -0.6546123384433407 0.052283733901475955 6.5843081901034815 66.5790628519622 -28.49087296565586 
0.23447856164990447 -0.6546346842037098 0.01566140227146707 6.598500235722398 66.57589517891101 -28.474133953189263 
0.23448476771928772 -0.6546284885284246 0.015662706319603727 6.602537361588124 66.57529897896306 -28.469470395652984 
0.2344874260149185 -0.65462582934942 0.01566290076333297 6.604071994988119 66.57509300157507 -28.467689820585758 
0.23261412239454485 -0.6529804216851547 0.015617416239894311 6.587394109122125 66.58981400151595 -28.46405419134964 
0.19441075309450903 -0.6296478839641004 0.015678115679784495 6.6041520383944174 66.57790110095004 -28.476739514853595 
0.1480084184881605 -0.6022884206163045 0.015717343659136133 6.610449016183414 66.57301253985787 -28.46355099792447 
0.12324667679073241 -0.5876971005289444 0.0156888052430746 6.606848520711065 66.57410610358752 -28.465073523314114 
0.10597970567305401 -0.5775847843181245 0.015706913251573525 6.647745187643573 66.57696987892479 -28.45370415392012 
