0.259520531979612 -0.6528449128989142 0.06692128008881187 14.363354639361877 62.40014348236206 -23.182680999757565 
0.25956577741043446 -0.6528766378141896 0.06694579725426564 14.35659306492419 62.397411075881145 -23.183384158819393 
0.25945297273809664 -0.652791158402845 0.05224626719986456 14.385224907992056 62.4072086110586 -23.166523211924442 
0.25943499339730525 -0.6528681529690168 0.02993097425385696 14.368016506110193 62.3990504407635 -23.177025705437362 
0.2595515720719148 -0.652877764215196 0.015860410890648595 14.376344762040988 62.38474915356444 -23.15535866111011 
0.2594961981683084 -0.6528820079588612 0.01577086639271326 14.375177264623625 62.37567794378752 -23.152372648350756 
0.2425679838106539 -0.6443020929320946 0.015729649682738853 14.445693221819695 62.34029397351366 -23.042674855451608 
0.1953617577144001 -0.6225073455526978 0.015738669336436514 14.360707805010898 62.3770869197352 -23.166427254625905 
0.1620014375155659 -0.606688866176841 0.015676041263732343 14.389726168679578 62.38886147756247 -23.13226814612466 
0.13673440242438611 -0.5948250540297567 0.015818948903762318 14.37244219240712 62.36546000641725 -23.145951838914147 
0.10819525199736849 -0.5812927598183757 0.01566674199844603 14.391861249934193 62.3913864324169 -23.13550317690493 
0.07684215744832376 -0.5666387863722666 0.015714561460240035 14.376298612401493 62.38414028974765 -23.157637018420633 
0.050650815267959164 -0.554262294986 0.015559943667921771 14.39214304756152 62.39880553287562 -23.150372426834906 
0.006183755345915685 -0.5330308695470997 0.015591473435523653 14.44646089077103 62.4005861978819 -23.106321786807598 
-0.013022305621181162 -0.5242528833027389 0.015929499525157098 14.36208728117892 62.33736285589794 -23.11288927302158 
-0.05786995943326565 -0.5030691000807945 0.015873581684552447 14.360006373313283 62.299123950733716 -23.072547858359854 
-0.07519466903106573 -0.49466990784787185 0.015578838936011408 14.408437778515196 62.34881215452385 -23.081545376705716 
-0.07946013707983235 -0.49128594704290834 0.01573729917719099 14.405495355949403 62.351294863595875 -23.08654941435804 
-0.07949557198039044 -0.49132162992979117 0.01571807443994372 14.40263556882826 62.345653620241634 -23.093162263109683 
-0.07973958411543743 -0.49134072332225537 0.028573877820636952 14.378684911140653 62.401667218885265 -23.131948446052935 
-0.08012810759928003 -0.4911213640653234 0.0499080461167496 14.378719839490014 62.42450967252045 -23.18098141111598 
-0.0794910421146571 -0.4911446795646341 0.06630710021624636 14.446860668677179 62.447969517709105 -23.1276722487125 
-0.07943164172158748 -0.49129324131085056 0.0665343594592745 14.397757037623176 62.429431182101396 -23.169170271529968 
-0.07115900607657354 -0.4967031609874356 0.06655397020476347 14.34717827912491 62.41652729394748 -23.13879975518631 
-0.07204971655201264 -0.49633990443677256 0.06660103156648539 14.379809920403542 62.41724497926236 -23.18192749008733 
