0.23665630040950283 -0.5944072613308612 0.06448090131155247 -11.11833081388284 63.88607288262825 -0.3662277630063086 
0.23665674143537774 -0.5944071373194051 0.06448125150251006 -11.118347048669374 63.886044146201236 -0.3662097207882549 
0.23613740082778004 -0.5912968431324052 0.06289085244610418 -11.10101862923648 63.89924350998789 -0.38316573274495136 
0.2366588014810118 -0.5710965724524901 0.059586814521189455 -11.107377226404704 63.88486627215666 -0.3460726381835489 
0.23665129006653482 -0.546064520911715 0.055275575385378216 -11.115941158090981 63.88007177511887 -0.34942053677217594 
0.23666588064434052 -0.5346339903740158 0.052724533988550204 -11.113973705561794 63.87416667236028 -0.352453109017884 
0.2364703896868669 -0.5345284775252599 0.052325712535771826 -11.135768121817854 63.87449541587061 -0.3728909706542087 
0.23655447494181475 -0.5344266969354282 0.05232598868075705 -11.126162562108947 63.874171196434595 -0.35808944898436595 
0.23640703661181078 -0.5344307344544583 0.02997957812739435 -11.119565565330555 63.88057895540562 -0.3666405697758828 
0.23657490873267087 -0.5344930599803353 0.021693980449020586 -11.144752658529816 63.86700578071996 -0.3608641741369425 
0.23654972429735732 -0.5344490306632099 0.0217014373297625 -11.16280729675679 63.860874368391286 -0.37364674126392783 
0.22564067252646522 -0.5343772836288471 0.021739060571070012 -11.15549090519968 63.845405817146656 -0.3248536995456694 
0.20530372330122498 -0.5343779660457147 0.021701806627730035 -11.143207686789351 63.858515327682994 -0.3509296694681235 
0.1832471252994448 -0.5344340644850082 0.02160053802220831 -11.147602315362683 63.873573059148164 -0.36356975241160744 
0.13664353809218807 -0.5343887665366686 0.021676315853563465 -11.145177155800203 63.85297281875277 -0.349605455044792 
0.11835319089790503 -0.5344398441953252 0.021700130703199365 -11.150648284410094 63.84800606119097 -0.3507875442892602 
0.09403236750065304 -0.5343095298708327 0.021480240038004993 -11.10942717679591 63.87895218212474 -0.34674012649572666 
0.07662435499383669 -0.5346373662217256 0.021791712065291607 -11.21081862655729 63.837413673574446 -0.39165960646572945 
0.055523193007001766 -0.5342731493907916 0.021514471167343643 -11.113669307801658 63.87580107941218 -0.3418336051499419 
0.01497696841578906 -0.5341564994461492 0.02156974610812699 -11.082525425389775 63.870531589238986 -0.3144225289863562 
-0.018562372167188968 -0.5342957620835292 0.02146459614019753 -11.080117984428254 63.874871749608275 -0.3069070272028927 
-0.03748956384493967 -0.5344441089045543 0.02179874365211876 -11.108059840111256 63.81599104628772 -0.31204808415512697 
-0.0575651174791693 -0.5344640865847429 0.02163020074779635 -11.122511536712537 63.82336127884879 -0.321835978328339 
-0.057613372828883104 -0.5343844856396245 0.021601946881541594 -11.104564054468284 63.8315033667412 -0.30732240533666433 
-0.058953215848567185 -0.5342521229105204 0.030910299815914824 -11.097156187954589 64.00860027158623 -0.3960089858334061 
-0.05810360744218301 -0.5344407533461015 0.05192542418174249 -11.143549270722287 63.874246444516544 -0.3867718300030684 
-0.05765818169945476 -0.5343542006084012 0.052132677777843625 -11.12360023504312 63.88594869624082 -0.38456445462656663 
-0.05752038814735363 -0.5344605059688212 0.052344318765982195 -11.158780291461706 63.868415481204096 -0.40528298436508486 
-0.04983896061628697 -0.5343961642887628 0.05223485771626886 -11.134878520344566 63.87704042238864 -0.39299552648907776 
-0.031218205290661615 -0.534374969796666 0.052258409258188865 -11.125376075439442 63.87524347506383 -0.35995427586242557 
-0.011267959118328591 -0.5343972903068088 0.05225037377120492 -11.14346629439736 63.87436767194757 -0.3910752675161333 
0.007968910280397836 -0.534452495347214 0.052330910084029354 -11.161133889556742 63.87130427878534 -0.4001465013125235 
0.036728111008639486 -0.5344359210904908 0.05231621652960466 -11.148095836459868 63.87011774695856 -0.3920891046928175 
0.08309546158919896 -0.5344484460185992 0.052330823514192076 -11.159744000112845 63.86847492980407 -0.39829854591030805 
0.1281470211574113 -0.5343941231000008 0.05229323992060169 -11.146116776913567 63.86929506852447 -0.38751104930944785 
0.1388747497814156 -0.5344671210889691 0.05234568237789149 -11.144526005323046 63.863624925091884 -0.39332085919680426 
