0.21608014455517552 -0.6890993096250854 0.052578699246312456 21.985026954218554 88.54586586091321 -0.9010136455651296 
0.21519604097231776 -0.6887657249734044 0.05457028502708968 22.51477698565789 88.55862237212692 -0.3636642915370324 
0.21289621030500377 -0.6884541005279595 0.07245274087920071 21.580061554890182 88.54275211217876 -1.3048086672727226 
0.20907970587541064 -0.6876491690328064 0.10354823217351825 21.886965860313243 88.54234002997813 -1.0063031386384778 
0.20732755913711837 -0.6872216359130747 0.11868042781817442 21.798541092928414 88.54674938413726 -1.0829780774325042 
0.203149812708417 -0.6863641856486018 0.15248323515431803 21.742893490472987 88.54833741517294 -1.1394325491793327 
0.1996600513716207 -0.6856443044954587 0.18143912110622076 21.663336164291167 88.5444109357259 -1.217077885283112 
0.19680415224700057 -0.6851784530682096 0.1999284915720335 21.28474751361297 88.54023984945705 -1.6070755838217912 
0.19663949395703723 -0.685001165692688 0.20003210845645703 21.066515915398742 88.5421784296975 -1.815985794932625 
0.19664784308001684 -0.6850076224312556 0.2000610362541873 20.994893256696166 88.54016201341058 -1.8873604974156797 
0.1965536409483505 -0.6849825186901214 0.1885727406841518 21.453363352595385 88.54484151139887 -1.4441818548369376 
0.19660202772124374 -0.684965250072139 0.17301192713256966 21.621509119086618 88.53592920765702 -1.2755852239502194 
0.1966704526653864 -0.6849666288072049 0.15122772231744905 21.33019993453451 88.53999637083233 -1.5529988014349245 
0.1966568695062779 -0.6849331579207674 0.12174638534581973 21.595096249363653 88.53959588862227 -1.2953164970168367 
0.1965711652107234 -0.6850297463517903 0.1004306214156183 21.095155322998135 88.5345017826731 -1.805006122818164 
0.19663147666996586 -0.6849367408534165 0.07956601609781233 21.47010008950853 88.54001080778279 -1.417656103661801 
0.19657655905290938 -0.6849635194140343 0.03213603347164317 21.543361375013575 88.53912575537476 -1.349682148820593 
0.1966249315966534 -0.6851260582714482 0.020023583557138805 21.009076241754844 88.53545718833261 -1.8757886131152826 
0.196562242632547 -0.6850121334785121 0.020028252605014105 20.771221364948158 88.54153417446004 -2.1091309785106147 
0.18464007807770258 -0.6716587904856779 0.020080984887294023 19.847723692823497 88.53320558445408 -3.05028290039757 
0.1718688447974633 -0.6569000462328408 0.020254186507381717 19.480982026623455 88.50796018712622 -3.3729013444536697 
0.15087814789299306 -0.633354576798614 0.02015465280435032 20.614355572756967 88.52382851310279 -2.240580372624941 
0.11455508347181101 -0.5925057254974582 0.019987761276839565 21.130704912367527 88.53128490038283 -1.747425943834711 
0.09072572295701234 -0.5654790573253909 0.020080553765803616 20.952537863611216 88.51503897698012 -1.9089068337936783 
0.0484667465553494 -0.5183407856502947 0.020003464808930973 20.252119866784273 88.52614413973158 -2.6267001461116384 
0.030085534744204386 -0.4975777544650459 0.020089516973423146 19.58319852445213 88.51132280547361 -3.2620241957578644 
0.006613585615590267 -0.47091047419612614 0.019954336659853966 21.664402409758303 88.52996965542144 -1.2222135502424505 
-0.03617255798053581 -0.42288085983577434 0.019895240188672204 22.752770496620577 88.56416554659309 -0.1716669966684338 
-0.047850389999615196 -0.4084028764622565 0.019840569894140573 26.618682591073867 88.49077355101093 3.493459382925714 
-0.04785040297580048 -0.40840289042367467 0.019840588481892837 26.61858835375832 88.49077348126914 3.4933613980183478 
-0.0478503378853675 -0.4084028585604961 0.01984054106996379 26.61884947352258 88.49077286261692 3.4936283608683834 
-0.047850350861550796 -0.4084028725219188 0.01984055965771691 26.618659743232406 88.49076366079113 3.4934368044844644 
-0.047850378517935825 -0.4084028932892723 0.019840588481892837 26.618595087682426 88.49077412524375 3.493371427692722 
-0.04785040577776455 -0.40840284660875603 0.01984051876236532 26.618796338303436 88.49077474801022 3.493583070515803 
-0.047850378517935825 -0.4084028932892723 0.019840588481892837 26.618595087682426 88.49077412524375 3.493371427692722 
-0.047850405531838995 -0.40840284711923175 0.019840518808378563 26.618915992440854 88.49078163678455 3.493690940896153 
-0.047850389999615196 -0.4084028764622565 0.019840569894140573 26.618682591073867 88.49077355101093 3.493459382925714 
-0.04785034650419109 -0.4084028515729799 0.01984054290521084 26.618802068137082 88.4907626567996 3.4935791683477735 
-0.0478504017272206 -0.4084028591247641 0.01984055126037643 26.61874593469931 88.49077522008416 3.4935330406523475 
-0.04785042170654443 -0.4084028847136067 0.019840566220309767 26.618668339167694 88.49078354339291 3.4934440360383983 
-0.04785047066682245 -0.408402878977185 0.019840566220309767 26.61865485891045 88.4907822542709 3.493423958277199 
-0.04785041163917539 -0.40840288343093645 0.019840590317138578 26.618636430115146 88.49077240636981 3.4934057597393684 
-0.047850366849072304 -0.40840285655279723 0.019840586271253242 26.618726429061056 88.49077263136004 3.493499940671663 
-0.04785042772414046 -0.40840288704238004 0.01984058843587954 26.618557447581473 88.49077507943008 3.4933370523478637 
-0.04785045789201305 -0.40840286451051316 0.019840547586546308 26.618724949220635 88.49078456849253 3.493507664442402 
-0.047850378517935825 -0.4084028932892723 0.019840588481892837 26.618595087682426 88.49077412524375 3.493371427692722 
-0.04785041462147892 -0.40840287325623775 0.019840569863455813 26.618659745675693 88.49077440302995 3.493439818611862 
-0.047850403221726054 -0.4084028899131989 0.01984058843587954 26.618564193766026 88.4907757245776 3.4933471002862606 
-0.04785037382490987 -0.4084028388678821 0.01984052248221198 26.618930242680968 88.49077164440054 3.4937062861171717 
-0.04785035811061553 -0.4084028836388653 0.019840555983882156 26.61865222523513 88.49077429714795 3.4934314872556564 
-0.04785036492862792 -0.408402844313231 0.01984056017699689 26.618849806240643 88.49076231808056 3.4936268920423172 
-0.04785040303453864 -0.40840283634970787 0.019840567637489186 26.618783038670163 88.49077365645884 3.493563568631103 
-0.047850439205817684 -0.40840287021536276 0.01984056984812733 26.61864495105874 88.49077450519863 3.4934250076663584 
-0.04785033205331808 -0.4084028536610872 0.019840558295736287 26.61878430475645 88.49076628026765 3.4935782632037062 
-0.0478503496129739 -0.4084028412230023 0.019840522436198767 26.618912817291694 88.4907745316848 3.4937020187382912 
-0.04785043460253039 -0.4084028497769014 0.01984055314163473 26.61881143661101 88.49077125789755 3.493581669917958 
-0.04785040148129502 -0.40840285963523987 0.01984055130638964 26.618770094393067 88.49077297677445 3.493547338086398 
-0.04785043877270229 -0.40840281716234667 0.01984054909575292 26.61888795515335 88.49077019376028 3.4936557729426756 
-0.047850482394425936 -0.40840286163969103 0.019840547586546308 26.618718202929315 88.4907839233455 3.4934976163972578 
-0.04785043003425082 -0.4084028442484127 0.019840518808378563 26.618909246077692 88.49078099163808 3.4936808927792202 
-0.04785043318822439 -0.4084028678865898 0.01984054763255952 26.618755843076983 88.49078296915685 3.4935319917889855 
-0.04785042336677813 -0.4084028660934436 0.01984057168337273 26.618699773631832 88.49077407544543 3.4934794173571437 
-0.047850482394425936 -0.40840286163969103 0.019840547586546308 26.618718202929315 88.4907839233455 3.4934976163972578 
-0.04785032229225436 -0.4084028539280985 0.01984054285919757 26.618784642554406 88.49076554408305 3.4935749007751915 
-0.04785041163917539 -0.40840288343093645 0.019840590317138578 26.618716340169257 88.49076468471857 3.4935004137679395 
