0.2242817575762908 -0.6790153066366154 0.08932707827058732 -7.525267816268052 52.642336463031235 -44.611515858310575 
0.22428139090481 -0.6790150442599253 0.08932666506255818 -7.5252455513119605 52.64232314553776 -44.61156118085609 
0.22428136504162782 -0.679015005439615 0.08932665941689928 -7.525244805985867 52.64232915605063 -44.611556190753774 
0.22426360111264704 -0.6790607286874183 0.08734392725519945 -7.522987287225131 52.622143816394015 -44.6201895551242 
0.22426579254911236 -0.6789531625335237 0.06327067676252306 -7.518304695212345 52.64353361312129 -44.61621836924552 
0.22421241788341806 -0.6789988680732747 0.03379113604243099 -7.523840619606657 52.639589720346784 -44.626299857241214 
0.22439721786176398 -0.6792473104233175 0.020275981182249082 -7.5610705250550865 52.61253551229857 -44.62930275818721 
0.2244448372813377 -0.6790378430689186 0.02024989177249411 -7.548478076587539 52.58496542058654 -44.61469451921675 
0.21355108324087804 -0.6676891967754385 0.019876381707021055 -7.550087165369986 52.61164235858778 -44.57516128113105 
0.20011198552332382 -0.6545194990586757 0.020022486298129662 -7.541692063666725 52.597776557046544 -44.58738079071608 
0.1655776355615842 -0.6202366347304666 0.020066578191079102 -7.564228610812228 52.59799366958826 -44.621068385013174 
0.11634366166575227 -0.5709791387704792 0.020048934127568387 -7.553694431280013 52.59948604118168 -44.610094294395466 
0.056418926267485923 -0.5111372327384316 0.019911510347216024 -7.559251421767509 52.63497459362038 -44.631517066285284 
0.05307121270181411 -0.5087195309025813 0.01986907144598898 -7.428843084740377 52.68414995808258 -44.865309240829 
0.053071226081037454 -0.5087195539778754 0.01986907507321624 -7.428845520734998 52.68414927582857 -44.8653092161589 
0.05307124819680285 -0.5087195522967782 0.019869064489447693 -7.42884253859357 52.68414317378667 -44.86531483079615 
0.05307122607189989 -0.5087195538209542 0.019869074966968513 -7.428849578320084 52.6841494609433 -44.865310099913685 
0.05307126156689091 -0.5087195752151509 0.019869068010428235 -7.428849032172774 52.68414267664684 -44.865315689880575 
0.053071203644559334 -0.5087195771848185 0.019869094761881825 -7.428857815036646 52.68414876884442 -44.86533208200927 
0.05307122677943444 -0.5087195090358747 0.019869041067311143 -7.428837100709681 52.68415006633732 -44.86530495337175 
0.05307121270181411 -0.5087195309025813 0.01986907144598898 -7.428843084740377 52.68414995808258 -44.865309240829 
0.05307124006088742 -0.5087195522549031 0.019869083516142354 -7.42884812675523 52.68414833642078 -44.86530858202926 
0.05307125723580017 -0.508719505700982 0.019869040961256617 -7.428841944010368 52.68415108714081 -44.865303714583284 
0.05307118655829233 -0.5087196034383669 0.01986909838911046 -7.428853430015189 52.68414089634118 -44.865324219207615 
0.053071239475494296 -0.5087195769382791 0.019869078600803506 -7.428852018751887 52.68414877744638 -44.86531007519841 
0.05307125599293725 -0.5087195326669246 0.019869074138445627 -7.42884346772818 52.68414855501233 -44.86530339583412 
0.053071240149535584 -0.5087195319545339 0.019869044588483546 -7.428843586912276 52.6841495688614 -44.865305810850025 
0.053071240158656593 -0.5087195321111696 0.01986904469453809 -7.428839536704461 52.68414938408314 -44.865304928701846 
0.05307128214197547 -0.5087195272535292 0.019869070251583864 -7.428833201657799 52.68413983901774 -44.86529129537212 
0.053071253446239836 -0.5087195750589552 0.019869086937868374 -7.428858667602513 52.68414802247959 -44.865310321609456 
0.05307122740408886 -0.508719560485256 0.019869052109184337 -7.428850265499051 52.6841512471316 -44.86530792753737 
0.05307126807347943 -0.5087195492768677 0.019869100736312248 -7.428835135479504 52.68413954598645 -44.86529470067963 
0.05307120494324241 -0.5087195836501691 0.019869071791243174 -7.428856527442203 52.68414438716639 -44.86532083436658 
0.05307121400049428 -0.5087195373679311 0.019869048475350867 -7.428847825067311 52.684151930628396 -44.865307952252614 
0.05307122676119257 -0.5087195087226029 0.01986904085520206 -7.428845201125118 52.684150435893955 -44.86530671766792 
0.05307121834683906 -0.5087196067674937 0.01986907542507804 -7.428858967873327 52.68414370366923 -44.86532080965097 
0.05307121269267643 -0.5087195307456601 0.01986907133974124 -7.428847142325407 52.684150143197414 -44.86531012458387 
0.0530712056325291 -0.508719538551817 0.019869037679472484 -7.4288521502483835 52.68414536211796 -44.86531745212234 
0.05307121701464717 -0.5087196001031913 0.01986909828286274 -7.428858280693611 52.68414191748081 -44.865322982026505 
0.053071270624144656 -0.5087195289329121 0.019869044694538103 -7.42884032979731 52.68415022010831 -44.86530280776511 
0.053071209019140864 -0.5087195802734561 0.01986907870705123 -7.428847168073591 52.684147756306615 -44.86531131238003 
0.05307121702378469 -0.5087196002601124 0.01986909838911046 -7.4288542231087735 52.684141732366285 -44.86532209827197 
0.05307125722667924 -0.5087195055443462 0.01986904085520206 -7.4288459942181495 52.68415127191905 -44.86530459673138 
0.05307121470802863 -0.5087194925828491 0.019869014575694764 -7.428835347456389 52.6841525360221 -44.86530280571017 
0.053071257244921136 -0.5087195058576179 0.019869041067311143 -7.428837893802549 52.68415090236251 -44.865302832435134 
0.053071270624144656 -0.5087195289329121 0.019869044694538103 -7.42884032979731 52.68415022010831 -44.86530280776511 
0.053071240158656593 -0.5087195321111696 0.01986904469453809 -7.428839536704461 52.68414938408314 -44.865304928701846 
0.05307122677943444 -0.5087195090358747 0.019869041067311143 -7.428837100709681 52.68415006633732 -44.86530495337175 
0.053071270624144656 -0.5087195289329121 0.019869044694538103 -7.42884032979731 52.68415022010831 -44.86530280776511 
0.05307128008450519 -0.5087195505079811 0.019869064901657636 -7.428843229420848 52.68414532385492 -44.865307730939165 
0.05307121461025893 -0.5087195127265867 0.019869053397298542 -7.428843937507753 52.68415148835999 -44.86530645903848 
0.05307128461313141 -0.508719527366861 0.019869053243713367 -7.428838878232195 52.68414909558544 -44.865301289880556 
0.053071270624144656 -0.5087195289329121 0.019869044694538103 -7.42884032979731 52.68415022010831 -44.86530280776511 
0.05307121701464717 -0.5087196001031913 0.01986909828286274 -7.428858280693611 52.68414191748081 -44.865322982026505 
0.05307124006088742 -0.5087195522549031 0.019869083516142354 -7.42884812675523 52.68414833642078 -44.86530858202926 
0.05307127811783778 -0.5087195311427519 0.019869063660928332 -7.428836428003608 52.68414226785488 -44.86530812671873 
0.05307126742770803 -0.5087195587383326 0.01986903349469712 -7.4288453681645565 52.68414823456593 -44.86530707644735 
0.053071298016725874 -0.5087195504841846 0.01986905687754819 -7.4288352907474255 52.68414205786214 -44.865291306104716 
0.05307126156689091 -0.5087195752151509 0.019869068010428235 -7.428849032172774 52.68414267664684 -44.865315689880575 
0.05307124208537562 -0.5087195142490155 0.019869026858342635 -7.428832274300777 52.68415054413033 -44.86530037940097 
0.053071209595397954 -0.5087195554331588 0.019869083516142326 -7.42884733366212 52.68414750039569 -44.86531070296575 
0.05307122607189989 -0.5087195538209542 0.019869074966968513 -7.428849578320084 52.6841494609433 -44.865310099913685 
0.05307127063328222 -0.5087195290898333 0.019869044800785815 -7.428836272211994 52.6841500349934 -44.86530192401008 
0.053071270624144656 -0.5087195289329121 0.019869044694538103 -7.42884032979731 52.68415022010831 -44.86530280776511 
0.05307123494686963 -0.5087196000793981 0.01986909025875042 -7.4288563699390044 52.68414500571516 -44.86531651625533 
0.0530712266816643 -0.5087195291796097 0.019869079888914995 -7.428845690760575 52.68414901867494 -44.86530860669961 
0.053071239475494296 -0.5087195769382791 0.019869078600803506 -7.428852018751887 52.68414877744638 -44.86531007519841 
0.053071270624144656 -0.5087195289329121 0.019869044694538103 -7.42884032979731 52.68415022010831 -44.86530280776511 
0.05307122346085687 -0.5087195589429999 0.019869068682469616 -7.428850724690761 52.68414703437521 -44.86531287542609 
0.053071224219631195 -0.5087195292229119 0.019869097002836938 -7.428841991893986 52.684145931555996 -44.86530768910285 
0.05307128461313141 -0.508719527366861 0.019869053243713367 -7.428838878232195 52.68414909558544 -44.865301289880556 
0.053071290189242774 -0.5087195475957745 0.01986909015254791 -7.4288321533408075 52.684133443944255 -44.865300315318926 
0.053071270624144656 -0.5087195289329121 0.019869044694538103 -7.42884032979731 52.68415022010831 -44.86530280776511 
0.053071257244921136 -0.5087195058576179 0.019869041067311143 -7.428837893802549 52.68415090236251 -44.865302832435134 
0.053071313939651824 -0.5087195307395675 0.019869047393798012 -7.428834681927739 52.684142461230735 -44.86528700205743 
