0.23395279732690658 -0.5767375267670491 0.0570209746175079 -114.15040849208731 88.01376843092243 -125.2759157718963 
0.23710761745562145 -0.5746178389319594 0.05362276643514653 -113.42042435775417 88.01919598662647 -124.60176318689037 
0.25890439573920637 -0.5646855304484064 0.024349434342387923 -113.49298407630307 88.01182726563472 -124.66901112843722 
0.258910808463959 -0.5646804372749222 0.024344796209035367 -113.50484760085384 88.01177774961128 -124.68021007355838 
0.25896191319613054 -0.5646751091548176 0.01643889501675946 -113.12883498175594 88.01794480696162 -124.30407267672305 
0.25886454020156224 -0.5647140012153169 0.0014207388151422152 -112.99786482637901 88.01327903521093 -124.17420276514628 
0.2588639930103789 -0.5647202478263597 0.0014201594540431302 -112.97627132854367 88.01339529698879 -124.15320390354401 
0.23027072960142234 -0.5522964699190078 0.0015489984857009916 -112.19676071195131 88.03450094685995 -123.35662728160311 
0.20046659284740675 -0.5411594394666385 0.0015717241527495674 -111.46414107632933 88.024260887304 -122.6047336879688 
0.14955932986329912 -0.5226561068050212 0.0019549945170286094 -110.27640442810744 87.9635955946837 -121.4148058264972 
0.11049326664897502 -0.508063561237277 0.0018335843899271254 -111.1406981571398 87.94920516849932 -122.30092716643092 
0.06794716941460331 -0.49146287492284274 0.0019481066926863946 -107.57300626829583 88.02219690639397 -118.62552787391358 
0.03440465698741224 -0.47790293745732126 0.0007862233231648759 -116.24155472342485 88.04679845165771 -127.48543648020997 
0.019804638198766326 -0.4729037114808207 0.001075000159680684 -112.76282308824155 88.03987908708791 -123.92956794637111 
0.0004627928889269572 -0.46629077893204146 0.0017914053454729242 -109.07334831117836 88.01322170998219 -120.16235982691508 
-0.01989860179101806 -0.45812652853742053 0.0012174193536750408 -116.58330219639282 87.97789047916457 -127.87675948814285 
-0.06261674626423513 -0.4422561400284066 0.0013611690454732753 -115.14942555028675 87.98819662169008 -126.40917030310561 
-0.08874711215100202 -0.43217627942811404 0.001388588828491038 -114.79708856464622 88.00469901902315 -126.04558176070691 
-0.09306870888051116 -0.4293493553602109 0.0013951487683080473 -114.84692549561144 88.00503070349608 -126.10192326313461 
-0.09303861546314866 -0.42936107907113547 0.0013955291927301517 -114.87130123993889 88.00406370480212 -126.11900345206831 
-0.09438779390119234 -0.4293268183133616 0.011469482724975307 -117.71748149939354 87.9011399208098 -129.04119019750758 
-0.0931975799723648 -0.42935800464470836 0.02454953368309313 -114.95959432955462 87.98395766517929 -126.22552897807182 
-0.09296863938192547 -0.4293891435017332 0.024351745229895413 -115.00169818981382 87.98130043621002 -126.26755708657639 
-0.071677363995539 -0.4374757768583141 0.02436487326741562 -114.8154797642121 87.9863077494674 -126.06559799615488 
-0.05103568018756313 -0.4454675917779635 0.024360945700102207 -114.87070815432271 87.98497880648303 -126.13677717289004 
-0.029283966363840504 -0.453765241674185 0.02436343527698702 -114.93651136014611 87.98323286650374 -126.19621537367816 
-0.008720093006904316 -0.461534075332356 0.02433976362148121 -114.97968566147756 87.98596011432838 -126.23627026333519 
0.012248262354815114 -0.46944764636222214 0.024289396196252967 -115.21142960899321 87.9884227743524 -126.4703974476357 
0.028390158728906406 -0.47564879913615027 0.024371233234986276 -114.82572585328764 87.98590566699774 -126.08335770739247 
0.05560010258794834 -0.48593106205683245 0.02437708821291244 -114.80520424845643 87.99123462721195 -126.05971601137229 
0.10082352052598074 -0.5031369135757736 0.024310887749725025 -115.02918319520352 87.98759606046481 -126.29261602914603 
0.15487908517987423 -0.5236148687037682 0.024368506304722586 -114.79052066183257 87.9962454460382 -126.06001900285166 
0.2076976228854324 -0.5437203971217778 0.024368757325244957 -114.8316272585195 87.98815425111223 -126.08378976961565 
0.2524002849164129 -0.5606951561178596 0.02432898036709054 -114.97340215516249 87.98780640002708 -126.22152856653302 
0.2589963220051964 -0.5646248030699947 0.02435905813085071 -114.87983918013904 87.99424632687852 -126.1213127316203 
0.25899116775612463 -0.5646449393637979 0.024351736850696398 -114.87417867125099 87.99336172132102 -126.11545786468892 
