0.2329233988165779 -0.5781192679821122 0.03679833699638724 2.8263130376025916 1.4031588591041693 -0.6653195108602383 
0.2329231025447848 -0.5781632022218756 0.0368152646929222 2.8258873380656073 1.4031379912489519 -0.6653195108602383 
0.2338879531726193 -0.5791506634433187 0.037751324001176215 2.8260091550912656 1.403414070040194 -0.6653195108602383 
0.23885903763642846 -0.5840234495511974 0.04285848853251193 2.8264781414002282 1.4031666844606658 -0.6653195108602383 
0.24319605590077756 -0.5884784844312219 0.047408815702933996 2.8267965619923867 1.4032732742642848 -0.6653195108602383 
0.24889996755474716 -0.594165423138634 0.053231194376113566 2.8256738118629823 1.4030843434786342 -0.6653195108602383 
0.253157612103601 -0.598481088568998 0.05767457862766202 2.826223427951391 1.4031868227203599 -0.6653195108602383 
0.2553695942484242 -0.6007067678128714 0.059936433404860025 2.826578490314436 1.403085391646687 -0.6653195108602383 
0.2590777095857858 -0.6044595952870775 0.06376788082060415 2.826313580937096 1.4031903975665263 -0.6653195108602383 
0.261997245304484 -0.6073767335958525 0.06675861680377301 2.8260776333374062 1.403131347601711 -0.6653195108602383 
0.26525901014638464 -0.6106406442952068 0.07010646529703192 2.8259804240106132 1.4030834489947532 -0.6653195108602383 
0.26813109768459154 -0.6135731407070921 0.07302203410170181 2.825994685629825 1.403088127209652 -0.6653195108602383 
0.27161130515577264 -0.6169575653350203 0.0766193708899128 2.8265818167461294 1.403012047144781 -0.6653195108602383 
0.27725728013871226 -0.6226428644098203 0.08236412510501472 2.8264981717418367 1.4031952500715257 -0.6653195108602383 
0.282950493049363 -0.6285480492803265 0.08831218131920272 2.8258523736705956 1.4031991508946635 -0.6653195108602383 
0.2829392204107643 -0.6284244704331289 0.08833872150293731 2.8262560614638823 1.4031280594863282 -0.6653195108602383 
0.282895203527931 -0.6284136086626785 0.07872178555670865 2.8265588608592145 1.403191438244942 -0.6653195108602383 
0.2829993118865523 -0.6284211947343487 0.0427092204146212 2.82612678359194 1.4031498403963054 -0.6653195108602383 
0.28296569957876083 -0.6283921676699938 0.015215551799201336 2.826424221391212 1.4031130386368116 -0.6653195108602383 
0.2829427413727333 -0.6284820569150401 0.003417867547804974 2.82586168981722 1.4030231667234314 -0.6653195108602383 
0.2829648843599862 -0.6283684100913057 0.003414319119894003 2.8259519704124814 1.4031244381873333 -0.6653195108602383 
0.28296308499050815 -0.6283670855383544 0.003414865864837196 2.825963545873136 1.4031254893539964 -0.6653195108602383 
0.2711086093229181 -0.6230001922755412 0.0035619345001600207 2.826699809370765 1.4026269436856753 -0.6653195108602383 
0.2543991043701538 -0.6177249321406809 0.003560332136449574 2.8266390903283103 1.4027054817054028 -0.6653195108602383 
0.24050024661031774 -0.6118687232790059 0.0034666841930340126 2.8261933642142028 1.4026848488265804 -0.6653195108602383 
0.2405720126199558 -0.6118330497864947 0.003429084595891794 2.8266206147305346 1.4026898993786927 -0.6653195108602383 
0.2194123690906747 -0.6036853828582446 0.0035483846495228304 2.826151969887497 1.402371458034457 -0.6653195108602383 
0.1984201170600549 -0.5956356832192595 0.0035517690156601136 2.826440648947911 1.4025587492157303 -0.6653195108602383 
0.19808731687098793 -0.5953509480971736 0.0034281737467354106 2.8261247142776758 1.4026474873306956 -0.6653195108602383 
0.19814524352575583 -0.5953583737711113 0.0034352418753708777 2.8257805367340394 1.4026312933560035 -0.6653195108602383 
0.19082452278188947 -0.5915978801460289 0.0035376966919558866 2.8254451983206814 1.4022686373498485 -0.6653195108602383 
0.16917278433567126 -0.5846438336541123 0.003457674050926272 2.825505281525886 1.402533476348564 -0.6653195108602383 
0.15581463098286477 -0.5789079104863737 0.003445716242055738 2.8241333047690667 1.4025468309637688 -0.6653195108602383 
0.15573782605851683 -0.578827068145991 0.0034183612419260213 2.8248699253880125 1.4025874392466533 -0.6653195108602383 
0.14535054756211757 -0.5739379087654455 0.003446920301401491 2.825962891120011 1.402788393458133 -0.6653195108602383 
0.1247163345178578 -0.5677502037377337 0.0037936468430299327 2.821154270726984 1.401755353705524 -0.6653195108602383 
0.11334994394179534 -0.562217885913972 0.0034385205401831344 2.8255610917171543 1.4028652981346441 -0.6653195108602383 
0.11339749584372481 -0.5623413497055095 0.0035113231417156785 2.8246977904569777 1.402783130690503 -0.6653195108602383 
0.07971818086041318 -0.5489770093088119 0.003904464685310728 2.829644592638874 1.4005462175257875 -0.6653195108602383 
0.0709035021532271 -0.5456384113144124 0.0033229297173354836 2.829319988694341 1.400980537296001 -0.6653195108602383 
0.07090176796186001 -0.5457031272497663 0.0033953066412617545 2.8295116890747645 1.4006854877172994 -0.6653195108602383 
0.05344813712955575 -0.5385102819639956 0.0032351227165931676 2.8316469970939133 1.4011371832656125 -0.6653195108602383 
0.028660815779360988 -0.5291060526165098 0.0034192312999611544 2.8319644881789063 1.4013269210106225 -0.6653195108602383 
0.02856937688485978 -0.5292119224720513 0.0034505246578502807 2.831547343996501 1.4013635392201975 -0.6653195108602383 
0.028568618963481496 -0.5292116866429023 0.0034496777399829455 2.831537948889972 1.4013659472799185 -0.6653195108602383 
0.02097825894421444 -0.5254745970373049 0.003521140859943671 2.8317465092086853 1.4005218283504621 -0.6653195108602383 
-0.01030784029344405 -0.5150420832671206 0.003400994008353649 2.8311945026846255 1.4013126439617114 -0.6653195108602383 
-0.01373612714359869 -0.5126812336622613 0.0034273388249366123 2.831241862230189 1.4013634959064303 -0.6653195108602383 
-0.013745835685953452 -0.5126994592598927 0.003457600197197536 2.831076349519187 1.4012419352761147 -0.6653195108602383 
-0.03399196487901652 -0.5046920302293755 0.0033484039516674217 2.831330580600243 1.401721845669665 -0.6653195108602383 
-0.05725768657744064 -0.4958247050085604 0.003253471553536258 2.8289858268824357 1.4032299743713958 -0.6653195108602383 
-0.056270832555437786 -0.49599928636390206 0.003419275612015639 2.831008175098211 1.4020396698260864 -0.6653195108602383 
-0.0626843477516573 -0.4926379828261409 0.0035010278422024613 2.8329182266394204 1.4008699657957784 -0.6653195108602383 
-0.08374214256932355 -0.4864885823554738 0.0038644573143654668 2.8255196322473815 1.4008650916595906 -0.6653195108602383 
-0.09869521515736074 -0.4791910714622207 0.0032787181473127587 2.829530806239964 1.4010641218204996 -0.6653195108602383 
-0.09851740513911027 -0.4795780236447066 0.0034382296458829557 2.826010158390036 1.4007696551279416 -0.6653195108602383 
-0.09908523217614267 -0.4790908444764004 0.01809638195030402 2.825490549050468 1.4014488067469473 -0.6653195108602383 
-0.09855535141504145 -0.4795322832501475 0.06401963278593296 2.8259261434033878 1.4011614295767534 -0.6653195108602383 
-0.09848696654456171 -0.47961466140471415 0.0855691919561991 2.8255171227228377 1.401142374023294 -0.6653195108602383 
-0.09842154026480546 -0.4795749645742327 0.08812236392250068 2.8271421237331835 1.401193689858884 -0.6653195108602383 
-0.09401420815945628 -0.4813235350154656 0.08828953848431811 2.826489041980359 1.4010664139961537 -0.6653195108602383 
-0.0783783148954602 -0.4874216171882769 0.08831647559322328 2.825495777086543 1.400948614198248 -0.6653195108602383 
-0.060626560156103314 -0.49426069758918145 0.08824108394490424 2.826295401016399 1.4010771280831364 -0.6653195108602383 
-0.029171915452691082 -0.5064510069819086 0.08830127825881204 2.825619315401522 1.401087804287655 -0.6653195108602383 
0.016370043645432115 -0.5240353604684145 0.0883009632948349 2.825452826906837 1.4009730717831101 -0.6653195108602383 
0.06207952691207552 -0.541627409768559 0.08827606789414318 2.8260613775877546 1.4009830907819094 -0.6653195108602383 
0.08695112338963082 -0.5511769391676676 0.08820988379640661 2.8264689827168756 1.4012593120749408 -0.6653195108602383 
0.11845004373781237 -0.5634001003289123 0.08826494596296283 2.8259159390151374 1.401036801935489 -0.6653195108602383 
0.156255696963399 -0.5779976437206205 0.08829759254232468 2.8258220381256103 1.4010426968703875 -0.6653195108602383 
0.1989502916939844 -0.5944995097583811 0.08830933505819598 2.826194946548152 1.40087938614181 -0.6653195108602383 
0.23156960261452814 -0.6070095191572048 0.08825747728161917 2.826913279527636 1.4009582728723213 -0.6653195108602383 
0.26692755957035075 -0.6206401940097235 0.08825932896994186 2.8275823503866038 1.4010194044786533 -0.6653195108602383 
0.2830119130230022 -0.6283273673357829 0.08826439802325323 2.8283960437952187 1.401080236179758 -0.6653195108602383 
0.2829795636696234 -0.6283205962955694 0.08820764823007946 2.8284807339720457 1.401174742026309 -0.6653195108602383 
0.28282223988006283 -0.6283450798693136 0.07001909975147083 2.8283835689141315 1.4013782356591296 -0.6653195108602383 
0.28294049590991116 -0.6283683723101837 0.035264228381858484 2.828467340393302 1.4012297207254834 -0.6653195108602383 
0.2829283955924203 -0.6284625432926096 0.0033302582500565167 2.8285047601979194 1.401199998100871 -0.6653195108602383 
0.2829039474352417 -0.6283989379943055 0.0033841489293340316 2.8288312677398095 1.4012013828746859 -0.6653195108602383 
0.282904334493502 -0.6283980098151322 0.003382344192529729 2.828829945040257 1.4012036163788324 -0.6653195108602383 
