0.23281658415288506 -0.5780685660882315 0.036713673264927 2.8274376678240984 1.4032008515523946 -0.6653195108602383 
0.2328555420605234 -0.5780998525136649 0.03677741610766378 2.827247834372824 1.4030461150554083 -0.6653195108602383 
0.23492225069469239 -0.580213614788734 0.03882424668767149 2.8266280630948386 1.4029829418252682 -0.6653195108602383 
0.23985628108803578 -0.5854066716193753 0.04399392177544206 2.8273481461184424 1.403088698939869 -0.6653195108602383 
0.24282443077811144 -0.588437875124719 0.04703081975300256 2.827265643021424 1.403050105519265 -0.6653195108602383 
0.24489129228531767 -0.590674501996687 0.0491620256822493 2.827333608665137 1.4029778434022997 -0.6653195108602383 
0.2489492418989095 -0.5948611561845246 0.0533069850388548 2.8268307274711915 1.4028673644288232 -0.6653195108602383 
0.2531912130817947 -0.5992845248723232 0.05769628960636814 2.827409055506596 1.4030919877430563 -0.6653195108602383 
0.2582009775810169 -0.6046509021807795 0.06292552590222582 2.8265667649683563 1.4029673942352647 -0.6653195108602383 
0.26526585083680504 -0.6119084109138617 0.07007292257952247 2.8273609540651212 1.4029804382682862 -0.6653195108602383 
0.26974366903712166 -0.6166486351019056 0.0747620074294984 2.826577899140668 1.4030046164935632 -0.6653195108602383 
0.27463979321435367 -0.6217289153036368 0.0797490929505686 2.826951565899239 1.4030842606773017 -0.6653195108602383 
0.279887790889671 -0.6272803817968353 0.08522095400587361 2.827146648670092 1.4030685077670821 -0.6653195108602383 
0.2830183324124635 -0.6305682473580984 0.0884117976316075 2.8262063303324183 1.4029509247170642 -0.6653195108602383 
0.28298932158646484 -0.6303781882676585 0.08823529802174292 2.825912435194992 1.402948922537398 -0.6653195108602383 
0.2829259410667896 -0.6304432825491311 0.07921122761617153 2.826413053730055 1.4028169860014 -0.6653195108602383 
0.2829465374747588 -0.6304250208824375 0.04040428818602197 2.825995803648163 1.4028811462828379 -0.6653195108602383 
0.2829511483813982 -0.630410150919109 0.014455051280751207 2.826255412895368 1.4027955003132218 -0.6653195108602383 
0.28286075907172525 -0.630419518980239 0.003436321379697375 2.826117155811822 1.4028214078883987 -0.6653195108602383 
0.28286521364171274 -0.6304180108879093 0.003421372525906321 2.8260164310860287 1.4028391894049725 -0.6653195108602383 
0.2792695631681464 -0.6321910895258411 0.0035386355084350784 2.8278574798000777 1.4024911063600811 -0.6653195108602383 
0.2790415259104323 -0.6322114351363592 0.003480460386599276 2.825502508401208 1.4027454275213747 -0.6653195108602383 
0.27160641170173666 -0.6355419502854726 0.0034797801453215413 2.827924490024912 1.40245301228808 -0.6653195108602383 
0.27148178031284437 -0.6355270391018607 0.0033961801858653187 2.824586240713027 1.402800149935346 -0.6653195108602383 
0.267561947402336 -0.6373596450564011 0.003517690527192002 2.8252489593673697 1.4025638201397506 -0.6653195108602383 
0.26382768890110925 -0.6389796192915037 0.0033968918437013544 2.8263810359488217 1.402441145134298 -0.6653195108602383 
0.2612031258287342 -0.6400714461432904 0.003290050176489558 2.831553144820828 1.4022071976848574 -0.6653195108602383 
0.2558903856866863 -0.6424946617367954 0.003513706789819338 2.8312833988063684 1.4022042799322185 -0.6653195108602383 
0.25586854486285576 -0.6423940493578988 0.0033784394164183026 2.831411284407125 1.4024456961017209 -0.6653195108602383 
0.2521582002809414 -0.644105812214744 0.003393782146021948 2.831577375496291 1.4025680484191076 -0.6653195108602383 
0.24919034144035354 -0.6456713006576269 0.0036321466238831875 2.8317089918825493 1.402203987611058 -0.6653195108602383 
0.24434813835824365 -0.6476557430437868 0.003577866503500218 2.8332420736981385 1.4020727996554012 -0.6653195108602383 
0.24397547286555 -0.6474750911880243 0.0032656102137086124 2.8342315213946976 1.4025972240324764 -0.6653195108602383 
0.24101933596460484 -0.64934448275561 0.003392545372295757 2.837229860967878 1.4021464807597195 -0.6653195108602383 
0.23585945552499407 -0.651555141524613 0.0035905142571532734 2.8329992113194122 1.4019375972524448 -0.6653195108602383 
0.23644880079733124 -0.6511946821046163 0.003429831387891909 2.835884574377029 1.402105973907126 -0.6653195108602383 
0.22936210917140917 -0.6545187174228028 0.003514913219836387 2.839136351480699 1.401537220503601 -0.6653195108602383 
0.2290949733861816 -0.6544171950312134 0.003454293068944196 2.835307788479225 1.4022097184166287 -0.6653195108602383 
0.22527553517232726 -0.656118192497916 0.0034767045579714023 2.8364071146320518 1.4020719104533184 -0.6653195108602383 
0.22509498414891904 -0.6561799338572801 0.0033867145908900794 2.8351298195981016 1.4023794865917747 -0.6653195108602383 
0.21820951769360178 -0.659508404279594 0.0034093573749912594 2.8425975516313686 1.4014513929398502 -0.6653195108602383 
0.2173869259489565 -0.6596904555666997 0.0034212381383605076 2.8420517667120553 1.4014195807065448 -0.6653195108602383 
0.21369675207437522 -0.6615571246359805 0.003608846334727815 2.840565304739089 1.4010463604314394 -0.6653195108602383 
0.21076734134357925 -0.6628875701858584 0.003624740036860345 2.841255461021003 1.4005831986696264 -0.6653195108602383 
0.20472827173016472 -0.6651888344258545 0.0036369745530057287 2.8367719714412174 1.400759765741722 -0.6653195108602383 
0.2058415140523104 -0.6647879915462778 0.0033847835887848136 2.8411871151135193 1.4006518752945396 -0.6653195108602383 
0.20177504216168443 -0.6664301852126084 0.0034083945828874674 2.841618781093034 1.400686682162387 -0.6653195108602383 
0.19781394062532082 -0.6682981941367973 0.003326548623474707 2.8425730039478387 1.4007673498921092 -0.6653195108602383 
0.19384516991619805 -0.67001397580482 0.0033255835772133366 2.8431207465154658 1.4010078138467492 -0.6653195108602383 
0.19081281353101462 -0.6716579359282439 0.0035356955121395115 2.8434710889698844 1.4006875154201563 -0.6653195108602383 
0.19054557755426746 -0.6715753362687411 0.003426600621100107 2.8439810421516376 1.4011049301230893 -0.6653195108602383 
0.1823579924952968 -0.6752766388198592 0.0033957723652131336 2.844666795606841 1.4010444710094638 -0.6653195108602383 
0.182860825219773 -0.6750121230787329 0.0033993219980394825 2.844803696919396 1.4012235464967546 -0.6653195108602383 
0.1789889880910228 -0.6766856077051177 0.003471136919184829 2.8447156083921206 1.4009988455732343 -0.6653195108602383 
0.17903170334370433 -0.6767838069521992 0.0034048375374553927 2.8453548957941015 1.4012845190571563 -0.6653195108602383 
0.17123833884732334 -0.6802093138946641 0.0033690178446042296 2.8460129130908967 1.4014202965967104 -0.6653195108602383 
0.17127205637640835 -0.6802072122397956 0.0034617229665901165 2.845991479973135 1.4013132642107375 -0.6653195108602383 
0.16691565160324937 -0.6820524208404888 0.003348917810720309 2.8466711681763157 1.4013470783214879 -0.6653195108602383 
0.16726301425794554 -0.6819378268930114 0.0033905653321904196 2.846923892604091 1.4014461077152789 -0.6653195108602383 
